Eigvals	30
0.503171790767	0.293658541792	0.27670154205	0.25163867151	0.230455674972	0.226613370377	0.213378128818	0.20548274245	0.192659605199	0.190753548576	0.182938399457	0.176750842273	0.175674126848	0.171484706208	0.163886752273	0.161591806376	0.151146659707	0.150232072345	0.143423001117	0.141319791718	0.138189529938	0.129546533166	0.125638784191	0.12445434079	0.119809226645	0.113943058864	0.110046744393	0.104220713277	0.0975691890382	0.0

Proportion explained	30
0.0955441500206	0.0557609871752	0.0525411283576	0.0477820963395	0.0437597893736	0.0430301981417	0.0405170407502	0.0390178351242	0.0365829296472	0.0362210004547	0.0347370305788	0.0335621139745	0.0333576632044	0.0325621602738	0.0311194322355	0.0306836592866	0.0287002955952	0.0285266303109	0.0272336982847	0.0268343329824	0.0262399471154	0.024598782417	0.0238567643605	0.0236318577977	0.0227498260722	0.0216359360952	0.0208960892652	0.0197898205888	0.0185268041769	0.0

Species	0	0

Site	30	30
515rcbc9	0.0184721799029	-0.0700766559725	0.119865843425	-0.0437393152976	0.0129955110307	-0.192035819276	-0.0312532833779	0.0515333485225	0.0145191066109	0.00644233565981	-0.0714662561408	-0.0583156388158	-0.111665577053	0.0591227933265	0.0879735657378	0.100479017821	-0.0273140591573	-0.177603967993	-0.0533990604989	0.0945312052148	0.0110086113123	0.0366421191123	0.0459104488405	0.0967953794511	-0.0314872640143	-0.0524995273073	0.0297338860518	0.0289997374912	-0.0302045439239	0.0
515rcbc8	-0.214115592533	0.168816520994	-0.0737003876217	0.0755552054241	-0.0326354090318	-0.0953120387461	-0.0769427069297	-0.158033699302	0.095479163416	-0.0887772993105	0.0138373835779	0.000640310953996	0.0467597988395	-0.207966723747	-0.0432527428482	-0.0317367318653	0.00222331509072	-0.0345068641688	-0.0090153392549	0.104911853855	0.0284341829963	-0.058722789537	-0.0193329593938	0.0245229581856	-0.0123602529556	-0.0649896493205	0.0144665727235	0.0178292275908	-0.0046830571775	0.0
515rcbc25	-0.271542569901	0.170659712226	-0.0888707522835	-0.257965908943	-0.10314271859	0.015358613184	-0.0477459157093	-0.00315404814963	-0.0564839720325	0.0440563378877	-0.00871948061837	0.0250163629063	0.0654556377803	0.150358969015	0.0249510108536	0.0721393378914	-0.0100546307512	-0.0249805888401	-0.0147583622803	-0.0675678996306	-0.0290423073479	-0.0694144663004	-0.057450396421	-0.00686495291242	0.0359221156097	-0.041235965856	-0.0114993559175	0.0320518858077	-0.0130659982946	0.0
515rcbc19	-0.0795013604325	0.00318288646378	0.037866784169	0.148789396441	0.0334376412938	-0.0831767162545	0.0369095268598	-0.0472695558466	-0.0898599518505	0.0672119474847	0.0261140104464	0.0522729910192	-0.0307207871093	0.162334478144	-0.0627996332986	-0.0921054960737	0.161126046764	0.0524778258226	0.0316367116234	0.121285063357	-0.0485233743848	-0.003196982699	-0.0906417200409	0.0581828393958	0.0570583016293	0.0235912116121	0.0299312352184	0.0519509776548	0.0326304225286	0.0
515rcbc18	0.106226086363	0.032260908813	-0.0565596871452	-0.0455945296004	0.0233708484792	-0.0939824451697	-0.0583721690212	-0.0966381926515	0.066518084721	0.0273808435591	-0.00609976384618	0.0950163495818	-0.0436313318478	0.0536494393096	-0.110750915813	-0.012370872028	-0.0968971807654	-0.0174372599223	0.126777955056	0.000462840789993	-0.0942751329576	-0.00315060955881	0.125603221446	-0.0520904347691	0.0281308586094	0.121088341946	0.0475079171047	-0.00560507775415	-0.0949760357292	0.0
515rcbc11	-0.166749672697	-0.0806392147102	-0.00914600889888	-0.0817282615475	0.0658351159448	0.0596802203769	0.0141772513744	0.120041406837	0.100481790385	0.0119113513602	-0.146948033904	0.0408259754481	-0.0973425433925	-0.0715509445709	0.0588245894845	0.0142362607436	0.0804008298484	0.120195680043	0.0858612001027	-0.00433069173985	0.0716041256943	-0.0741552894412	-0.0143482669631	0.00641825163901	-0.0462727620972	0.0404868504028	0.132440370825	0.021316753217	-0.0141347459396	0.0
515rcbc10	0.00442904293403	0.0400625413759	0.066029554574	0.13884841164	0.069348576903	0.135116399995	-0.0399578158855	0.0646926678505	-0.0136988447723	0.0915443574423	-0.0647741588033	-0.110362637735	0.0612406171563	-0.0457871418759	-0.0292612865981	0.112667140952	0.0580991803234	-0.0985947592991	0.152674224058	-0.0146691051543	-0.0862445417164	-0.0804594441281	-0.00663189595618	0.0201901556725	0.04780205507	-0.0323343099529	-0.0670232772312	-0.0712456984583	-0.029841644769	0.0
515rcbc35	0.0733594180633	0.040555712847	0.233599936492	0.131345673725	-0.061573265623	0.0441465700946	-0.150179073052	-0.110688467107	-0.0614493082155	-0.0455293509938	-0.0437884823605	-0.00454959618428	0.00890005580249	0.0340813451286	-0.000123985254435	0.0726117466701	-0.067461385716	0.0844786865636	-0.0655236611728	-0.0988519840952	0.110646802813	-0.00207445600659	-0.0539143122102	0.0148140006489	0.0592785618013	0.0308619713536	0.0745578971653	-0.00256564445156	-0.0582879804674	0.0
515rcbc34	0.14812901394	0.0718968055432	0.0109046942084	-0.0257885170076	0.0780618848048	0.032756320432	0.084823674444	0.0118571156113	-0.0588050775393	-0.00897903462133	0.0785035147079	-0.0288282311204	-0.00906033116913	0.00191028746047	0.0486123807304	-0.0500258086007	-0.0766676343661	0.015455638743	0.0697612514249	0.0168103416301	0.147398105923	-0.132612907893	0.0690330080786	0.070001527583	0.0233701566952	0.0264779383789	-0.101150297275	0.143843531259	0.00852499044432	0.0
515rcbc15	0.15562554958	0.0274075852347	-0.0688296202303	-0.060783106891	0.0138674591479	-0.000995081855495	-0.167742394693	0.0202624019778	0.0236675584959	-0.10119883112	0.110099893432	0.03727282375	-0.042498983221	0.056043971007	-0.0483060619743	0.0580833975009	0.0898580897861	-0.00690903748928	0.0628699194718	-0.02232217765	0.086104589604	0.0143715897078	0.049993257696	0.0458336018545	-0.00914854722521	-0.0205020599117	0.0165257711383	-0.102940086014	0.162202074344	0.0
515rcbc32	-0.216609324971	0.168326597736	0.0453308964308	0.0297443173651	0.0847980504795	-0.137780291211	0.0889772441719	0.033067916107	-0.15154146413	0.0238894457651	0.0173894114568	-0.0493237665531	-0.0641785846458	-0.0464847005523	-0.00368915865151	0.071062832102	-0.0274220901625	0.116085204293	0.015528230188	-0.0310836622957	0.0154512590982	0.0996717656115	0.0493852066652	-0.0367408701679	-0.0909706427894	0.047822999942	-0.0701819442212	-0.0764877078504	0.0128858193645	0.0
515rcbc31	-0.17384462937	-0.0156341556062	-0.0358701378178	0.0251330405172	-0.0084813217405	0.129877380096	0.0596724324158	0.142700881648	-0.000630075922552	-0.063189939738	0.0249762015344	0.0735864136282	-0.0182220118785	-0.0378176285848	-0.154300864471	-0.00400537291757	0.0271879650041	-0.0475720786596	-0.146434037333	-0.0215919073882	0.0140106219206	0.0515656048582	0.0987105114415	0.112260162885	0.0961268640258	0.0447026063342	-0.0143949946532	-0.00361268340129	-0.0516053201476	0.0
515rcbc30	0.029789544661	0.0557045734081	0.289130739713	-0.115695668298	-0.0647313910948	-0.078639935027	0.0941342414642	0.0563411071918	0.0493558735653	-0.0776190800487	-0.0228939567398	-0.0431278759595	0.0323266306555	-0.0359840061693	-0.0443252098273	-0.192592463266	0.0175789113378	-0.035142961292	0.0221141166582	-0.0977453442919	-0.0730816112142	-0.0332483822462	0.00584001248813	-0.014223576394	0.0160350507476	-0.0183612693286	0.0172569447912	-0.0309274897337	0.059743391379	0.0
515rcbc37	-0.00244820250943	-0.0641035806652	0.0316457823001	0.0605994468347	-0.0821808671545	-0.0584461205382	0.10681446606	-0.0305036510718	0.119959463356	-0.0591112968231	-0.00855693796427	0.0521935227179	0.112314575222	0.03463317019	0.00596573082201	0.114324223661	0.153062751987	-0.0589284928507	0.0200595601652	-0.0506243794334	0.086414347618	0.0588147673595	0.0200988739332	-0.1362385465	-0.0222382833448	0.0424967500434	-0.0717617450767	0.0810085085316	-0.0119129606212	0.0
515rcbc36	-0.237370939059	-0.319682023125	0.0657774939151	-0.110373484094	0.183196816073	0.0375866765591	-0.0606087185482	-0.156957345026	-0.0125010873584	0.0343505642383	0.103227359311	-0.0774411428153	0.0547436114266	0.000268105370595	-0.0326388223104	-0.0371865085245	-0.0156339077813	-0.0110474092478	-0.0159332044998	-0.0194679096178	0.0167981099906	0.0018903294472	0.00942134585098	-0.0195793653128	-0.0152028766761	-0.00303583781115	-0.0255078135487	-0.0132696693753	0.0011770907702	0.0
515rcbc13	0.140969512912	0.00968663073925	-0.0992992458864	0.0861706343572	0.131945754075	-0.0970505280515	-0.017826005143	0.0938017530499	-0.00537050190647	0.0658201723819	0.0195826958311	-0.00714693840753	0.137010786131	-0.00989196174979	-0.0741705147707	0.0308107847445	-0.0265810826429	-0.0157567950435	-0.11838501376	-0.107285206331	-0.0623359345392	-0.0753741576817	-0.0354236138054	0.015559306338	-0.126333862375	0.0210506680098	0.0844703004672	0.0649005571879	0.0400270830919	0.0
515rcbc12	0.00961346941449	-0.142403133398	-0.0731482275454	0.00764340994643	-0.293047682908	-0.0337469180495	-0.120156535696	0.0483057528194	-0.117450059382	0.0969227414477	0.0177033733223	-0.0853122961155	0.0607244577136	-0.0949783451272	0.0512990176113	-0.0603382786728	0.0357771718749	0.0368032261683	0.0376117914299	0.000381330152815	-0.0215751596384	0.0327737449541	0.0668919935586	0.0450057234777	-0.0294304216403	0.0633010977676	-0.00222284928282	0.0347847906225	0.0054542254771	0.0
515rcbc33	-0.0788679982875	0.0361295120841	-0.0543138149051	0.0740484832064	0.0247532879243	0.14385096631	0.0862296720336	-0.0336253392319	-0.0910799859459	-0.136130390952	0.0786961067669	-0.0131685119451	-0.00486577992634	-0.00860606054077	0.143778975939	-0.00306976604276	-0.0588994022066	-0.117072348279	0.0682376881802	-0.0192513109856	-0.0701793182805	0.0898391392149	-0.0146013222816	-0.0268930621751	0.00458050211335	0.0407915029423	0.134681432373	0.0476008915547	0.0495931578824	0.0
515rcbc14	0.0763533235377	-0.00396074849284	-0.176250370853	0.0522408143564	0.0259655025922	0.00439374352092	0.0180124232652	-0.0686649326671	0.0215251805705	-0.0472682107694	-0.097586811432	-0.0928053009386	-0.0645188594151	0.0666968902832	-0.0173037175872	-0.10135631394	0.03451901557	0.0460552952147	0.0388041455622	-0.142047131851	0.00569822638141	0.0963066696771	0.0230047411962	0.0479765759965	-0.023954982485	-0.16282380201	-0.0200044541821	0.0288607635435	-0.073646249937	0.0
515rcbc20	0.00932119441175	-0.0404504835605	-0.0514445081415	0.0606779664203	-0.0571611842011	-0.0486532985994	0.0613015896162	-0.0438172202597	0.16695162329	0.0533564884884	0.139111761254	-0.0330294224272	-0.169039976713	-0.0313181363027	0.109202450251	0.0588359076552	-0.00890204348115	0.055119597143	-0.0677979779307	-0.0944569874335	-0.0989108759377	-0.0609630966544	-0.0572992278672	0.0294138970482	0.0803458293234	0.0390367097372	-0.0524668356137	-0.0220840252235	0.0233331687468	0.0
515rcbc21	0.124072103193	0.0216634753695	-0.0775219693249	-0.0751176978746	-0.0426951296891	0.0104943449	0.168358400967	-0.062985042277	0.0260907020525	0.19811000365	-0.0349859453368	-0.0610555028955	0.0171717177404	-0.0446172100383	-0.0845652569009	-0.00193913811961	-0.058466918105	-0.0655680618758	0.00562338182719	0.0251541374543	0.138860847555	0.0767032106617	-0.0901433239978	0.00453929116629	0.0586761612506	0.0183194670678	0.0672550140936	-0.065597120073	0.0394948237581	0.0
515rcbc22	0.0919664578679	-0.0108442955696	-0.0973127650399	-0.0299290612351	0.109186001146	-0.110837686288	-0.0317930286445	0.0953701958959	0.00601149951735	-0.0904977450697	-0.00773490697275	0.018436205693	0.160163390844	0.00404176619651	0.160497939318	-0.0780521658394	0.00825407958702	0.0236280390616	-0.0136436321243	0.0368791876194	0.0272235902398	0.0269402890614	-0.0682637967189	0.017660189341	0.0920899253123	0.0550894739414	-0.0318047725715	-0.110554410689	-0.0888048188396	0.0
515rcbc23	0.0168315078483	-0.161146112826	-0.0495706893946	0.0265960170184	0.00576354375392	-0.0804962063775	-0.00313348311374	0.0529604815765	-0.10519920121	-0.0451468131583	-0.128005372687	0.115954498545	-0.0219167736577	-0.0709259322051	-0.0373240351806	0.0502450681832	-0.113250988228	0.0390919457911	0.010967281076	0.00852402295828	-0.038768785668	-0.00848647273234	-0.0203370701029	-0.0929204531106	0.130745889553	-0.0932599739403	-0.0422260385072	0.040971171271	0.0996559794864	0.0
515rcbc24	0.133840165382	-0.0429583940095	0.00744418988457	-0.0685218754664	-0.0690142982633	0.0261464132136	0.0560238057356	0.101061137843	-0.0170353574977	-0.114121745382	0.155413392556	-0.125762871924	-0.0218412447049	0.0121631058162	-0.107738801155	0.0756838929297	-0.0118286817071	0.0903655869647	0.0060678297934	0.12178515267	-0.0284496347238	-0.0230230239727	-0.0570110203884	-0.0838945450201	-0.0225213650013	-0.0723971215913	0.0483588003472	0.0034941471313	-0.0948544283541	0.0
515rcbc17	0.1073328608	0.0111518105175	0.0525544532014	-0.101642641749	0.0101415910423	0.104215822419	-0.0687207229437	-0.00941183595354	0.052305764545	-0.0408219210802	-0.0539403652984	0.0725957879453	-0.0229196136055	-0.0469059838888	-0.0423881803446	0.0108517707164	-0.0430860714682	0.0111754717396	0.0269926326251	0.0364739918259	-0.0700643356203	0.118157906233	-0.160470273087	0.0855049870303	-0.102491437251	0.0663173648541	-0.118956043618	0.0603396042721	0.00884437699352	0.0
515rcbc26	0.195937499226	0.131326619816	0.0578648802151	-0.113769230217	0.103511705454	0.0971130719909	-0.0522851559798	-0.0592836028544	-0.00908910770313	0.112820042064	-0.00977429738346	0.0047320135632	0.00785725388143	-0.0800344020219	0.0827330592007	0.00717379453531	0.116697708116	0.0598697871538	-0.115415588844	0.0618906336462	-0.0696344404144	0.0665073591948	0.101411510393	-0.0733713573409	0.0568908408395	-0.0443144393992	0.0200200883997	0.0514109269753	0.00959287224255	0.0
515rcbc27	0.0977131774245	-0.0264036096817	-0.0331156930495	0.00449497359362	-0.0301770051182	0.0471214969582	-0.00121213042871	-0.0337032123468	-0.152836327431	0.0135667585468	0.00727225780316	0.131863038074	-0.143772593749	-0.0452994616448	0.018079504123	-0.0813874027124	0.0687941415063	-0.126230877068	-0.0608186461209	-0.0250171212161	0.0375187089335	-0.100558843801	-0.0485000773594	-0.093191268868	-0.0917952145242	-0.00444122743636	-0.0346684441417	-0.0749740041999	-0.0689995279869	0.0
515rcbc28	0.0252823152446	-0.0197324356444	-0.0684819755596	0.0284691603123	-0.0517176407855	0.0934185530404	0.0692442225279	-0.0977260811961	0.0219696128548	-0.0997784780937	-0.182271183904	-0.115252340849	0.0205003541572	0.111441488392	0.00753732791929	-0.00480187633907	-0.0325430060789	0.0385956580127	-0.105043908765	0.0983954220121	-0.0376597291369	-0.0851716477058	0.0623821090874	-0.0152880529152	-0.0528772300292	0.0759885876026	-0.0357930424383	-0.0657702301427	0.0694524042383	0.0
515rcbc29	0.00836903696614	-0.0510005565163	0.0787165190574	0.0498331978694	-0.0712468525861	0.0582365768145	0.120381307432	-0.035028690097	0.0413976501472	0.0698056978971	0.0586082518129	0.199356994544	0.112971289783	0.0359412840506	0.0713087740456	0.02726170377	-0.0700622311055	0.0706353263257	0.0269802374435	0.0375009190268	-0.0241503655273	-0.00613342830738	0.065176390618	0.0852040868983	-0.085373587721	-0.120491580168	0.0142983624492	-0.0733080268554	-0.012520616238	0.0
515rcbc16	-0.132583169911	0.0602035066106	0.0167040861117	0.130459149194	-0.00837452335883	0.0716399155396	-0.137131119202	0.155494749108	0.136797249369	0.100981049287	0.0370103395793	-0.0142812136835	-0.031945185044	0.095481545329	0.0221748609498	-0.125498684934	-0.108507893073	-0.0226814670108	-0.0223997241016	0.0513267168999	0.0557234170267	0.0465615035727	0.00150664530046	-0.128586449127	-0.0245943824505	-0.026736777902	-0.0318426848706	0.00957840011173	0.0249260476779	0.0

Biplot	0	0

Site constraints	0	0
