	sequences per sample	iteration	515rcbc12	515rcbc21	515rcbc17	515rcbc34	515rcbc33	515rcbc31	515rcbc20	515rcbc15	515rcbc26	515rcbc22	515rcbc37	515rcbc24	515rcbc18	515rcbc35	515rcbc11	515rcbc27	515rcbc30	515rcbc13	515rcbc9	515rcbc28	515rcbc23	515rcbc32	515rcbc16	515rcbc19	515rcbc29	515rcbc14	515rcbc10	515rcbc8	515rcbc25	515rcbc36
alpha_rarefaction_10_0.txt	10	0	55.0	55.0	23.0	55.0	55.0	55.0	55.0	23.0	23.0	55.0	23.0	55.0	55.0	55.0	55.0	23.0	55.0	55.0	55.0	55.0	55.0	55.0	55.0	55.0	55.0	55.0	55.0	55.0	55.0	55.0
alpha_rarefaction_10_1.txt	10	1	23.0	55.0	55.0	55.0	55.0	13.0	55.0	23.0	55.0	23.0	55.0	55.0	55.0	23.0	55.0	55.0	55.0	55.0	55.0	55.0	55.0	55.0	55.0	55.0	55.0	23.0	55.0	23.0	55.0	55.0
alpha_rarefaction_10_2.txt	10	2	23.0	55.0	55.0	55.0	55.0	55.0	55.0	55.0	55.0	55.0	55.0	55.0	23.0	23.0	55.0	23.0	55.0	55.0	55.0	23.0	55.0	23.0	55.0	55.0	55.0	55.0	55.0	55.0	55.0	55.0
alpha_rarefaction_10_3.txt	10	3	55.0	55.0	23.0	23.0	55.0	13.0	55.0	55.0	55.0	55.0	55.0	55.0	55.0	55.0	13.0	55.0	55.0	55.0	55.0	55.0	55.0	55.0	55.0	55.0	55.0	55.0	55.0	55.0	55.0	23.0
alpha_rarefaction_10_4.txt	10	4	55.0	55.0	55.0	55.0	55.0	23.0	55.0	55.0	55.0	55.0	55.0	23.0	55.0	23.0	55.0	55.0	55.0	55.0	23.0	55.0	55.0	23.0	23.0	55.0	55.0	55.0	55.0	55.0	55.0	55.0
alpha_rarefaction_10_5.txt	10	5	55.0	55.0	55.0	55.0	55.0	23.0	55.0	55.0	55.0	55.0	55.0	55.0	55.0	55.0	55.0	55.0	23.0	55.0	55.0	55.0	55.0	55.0	55.0	55.0	55.0	55.0	55.0	55.0	55.0	23.0
alpha_rarefaction_10_6.txt	10	6	55.0	55.0	55.0	55.0	55.0	55.0	55.0	55.0	13.0	23.0	55.0	23.0	55.0	23.0	55.0	55.0	55.0	55.0	55.0	55.0	55.0	23.0	23.0	55.0	55.0	55.0	55.0	55.0	55.0	23.0
alpha_rarefaction_10_7.txt	10	7	55.0	55.0	55.0	55.0	23.0	55.0	29.0	55.0	55.0	55.0	55.0	23.0	55.0	55.0	55.0	55.0	55.0	55.0	55.0	55.0	55.0	55.0	55.0	55.0	55.0	55.0	55.0	55.0	23.0	12.0
alpha_rarefaction_10_8.txt	10	8	55.0	55.0	55.0	55.0	55.0	13.0	55.0	55.0	23.0	55.0	55.0	55.0	55.0	23.0	55.0	55.0	55.0	23.0	55.0	23.0	55.0	55.0	29.0	55.0	55.0	55.0	55.0	55.0	55.0	23.0
alpha_rarefaction_10_9.txt	10	9	55.0	55.0	55.0	12.0	23.0	55.0	55.0	55.0	23.0	23.0	23.0	55.0	23.0	55.0	55.0	23.0	55.0	23.0	55.0	55.0	23.0	55.0	55.0	55.0	55.0	55.0	23.0	55.0	55.0	55.0
alpha_rarefaction_69_0.txt	69	0	318.666666667	393.6	265.428571429	323.2	225.5	389.5	265.428571429	177.111111111	164.0	506.5	506.5	461.0	358.0	271.2	358.0	431.0	431.0	265.428571429	214.111111111	225.75	318.666666667	318.666666667	288.666666667	431.0	291.0	375.75	381.2	248.428571429	194.428571429	219.0
alpha_rarefaction_69_1.txt	69	1	291.0	188.666666667	318.666666667	195.111111111	312.0	248.428571429	205.0	265.428571429	177.111111111	431.0	506.5	461.0	948.0	289.666666667	318.666666667	431.0	289.666666667	349.166666667	349.166666667	218.375	265.428571429	323.2	461.0	214.111111111	393.6	222.2	346.2	674.0	288.666666667	195.111111111
alpha_rarefaction_69_2.txt	69	2	256.857142857	318.666666667	417.75	165.875	265.428571429	269.2	165.909090909	381.2	256.857142857	393.6	393.6	241.142857143	209.428571429	169.142857143	460.0	241.142857143	265.428571429	241.142857143	225.75	674.0	490.75	613.0	298.5	289.666666667	358.0	248.428571429	358.0	298.5	430.25	164.166666667
alpha_rarefaction_69_3.txt	69	3	225.75	265.428571429	241.142857143	247.625	388.5	554.0	917.5	358.0	151.090909091	252.0	431.0	289.666666667	613.0	358.0	210.428571429	214.111111111	261.166666667	633.333333333	358.0	403.5	211.125	214.111111111	388.5	381.2	632.333333333	261.0	218.142857143	318.666666667	139.1	189.142857143
alpha_rarefaction_69_4.txt	69	4	218.142857143	171.0	195.111111111	461.0	260.166666667	613.0	358.0	265.428571429	536.0	312.0	324.2	346.2	214.111111111	188.666666667	632.333333333	431.0	165.0	482.0	318.666666667	381.2	349.166666667	381.2	632.333333333	291.0	256.857142857	218.375	302.0	461.0	235.166666667	226.5
alpha_rarefaction_69_5.txt	69	5	265.428571429	431.0	475.25	334.6	261.166666667	613.0	195.111111111	318.666666667	114.909090909	461.0	291.0	281.6	431.0	253.0	197.0	225.75	279.0	506.5	233.0	172.25	232.0	256.857142857	241.142857143	446.0	695.333333333	289.666666667	431.0	674.0	165.0	318.666666667
alpha_rarefaction_69_6.txt	69	6	253.0	1074.0	431.25	289.666666667	335.0	270.5	214.111111111	247.625	233.0	461.0	461.0	318.666666667	506.5	270.5	198.0	393.6	225.75	431.0	205.0	291.0	461.0	240.142857143	482.0	225.75	431.0	253.0	431.0	393.6	381.2	144.166666667
alpha_rarefaction_69_7.txt	69	7	381.2	261.166666667	225.75	369.0	374.75	829.0	195.111111111	381.2	431.0	218.375	431.0	289.666666667	148.083333333	148.666666667	209.428571429	506.5	291.0	393.6	252.0	214.111111111	288.666666667	318.666666667	176.111111111	265.428571429	888.5	195.111111111	187.5	859.0	376.75	132.25
alpha_rarefaction_69_8.txt	69	8	431.0	289.666666667	554.25	760.333333333	280.6	415.75	506.5	289.666666667	261.0	236.166666667	195.111111111	431.25	653.0	318.666666667	279.0	170.8	334.6	461.0	461.0	318.666666667	506.5	280.0	258.0	358.0	431.0	289.666666667	318.666666667	289.666666667	240.2	517.333333333
alpha_rarefaction_69_9.txt	69	9	265.428571429	205.0	318.666666667	431.25	243.0	202.857142857	247.625	324.2	302.0	253.0	349.166666667	210.428571429	760.333333333	446.0	334.6	318.666666667	248.428571429	318.666666667	346.2	235.166666667	225.75	323.2	369.0	261.166666667	334.6	171.0	302.0	289.666666667	281.6	205.0
alpha_rarefaction_128_0.txt	128	0	533.8	363.769230769	514.909090909	388.6	333.0	537.111111111	460.0	514.909090909	391.5	686.0	717.142857143	406.583333333	417.909090909	346.6	465.5	394.2	495.909090909	337.352941176	392.071428571	308.666666667	490.0	359.2	406.230769231	673.111111111	361.2	483.8	375.615384615	480.083333333	558.0	214.714285714
alpha_rarefaction_128_1.txt	128	1	582.272727273	391.769230769	343.071428571	466.5	494.666666667	437.75	309.5625	353.75	344.071428571	291.5625	525.5	621.142857143	414.076923077	502.0	476.272727273	514.909090909	345.272727273	399.5	359.2	578.5	399.5	395.3	312.833333333	421.0	618.0	336.5	422.0	481.083333333	454.0	234.571428571
alpha_rarefaction_128_2.txt	128	2	338.214285714	352.0	717.142857143	304.0	400.1	309.058823529	581.333333333	422.0	516.666666667	438.3	643.272727273	429.0	401.909090909	410.666666667	512.5	615.666666667	414.75	832.428571429	559.0	448.6	332.4375	555.875	557.0	1024.0	685.333333333	309.5	398.5	421.0	441.090909091	426.666666667
alpha_rarefaction_128_3.txt	128	3	453.461538462	463.5	408.363636364	1005.66666667	635.428571429	396.5	179.8	437.076923077	318.071428571	457.0	421.214285714	375.75	299.2	321.4	354.461538462	406.230769231	428.666666667	413.571428571	413.75	604.111111111	347.666666667	247.3125	417.111111111	380.0	472.25	569.111111111	552.0	346.666666667	617.142857143	273.125
alpha_rarefaction_128_4.txt	128	4	716.375	277.789473684	304.4	437.076923077	882.0	515.666666667	354.4	368.153846154	435.333333333	514.5	650.6	613.666666667	392.5	299.571428571	492.6	685.333333333	329.909090909	514.909090909	382.272727273	504.363636364	575.6	626.25	455.0	399.5	369.153846154	457.0	986.5	354.461538462	312.230769231	413.0
alpha_rarefaction_128_5.txt	128	5	499.0	421.0	1023.0	421.0	435.3	450.0	415.75	688.0	703.125	586.3	555.5	378.090909091	478.272727273	546.25	286.5	477.615384615	302.5	596.1	442.090909091	770.5	883.0	374.75	375.090909091	618.0	666.125	493.666666667	486.545454545	422.0	413.75	606.5
alpha_rarefaction_128_6.txt	128	6	332.4375	355.235294118	429.0	430.1	484.333333333	322.076923077	259.25	582.333333333	307.461538462	640.75	716.142857143	622.142857143	496.666666667	259.235294118	391.545454545	1155.0	268.2	550.0	739.0	507.111111111	696.666666667	615.875	422.0	585.3	514.5	645.857142857	332.4375	460.769230769	346.230769231	282.153846154
alpha_rarefaction_128_7.txt	128	7	407.0	477.615384615	406.583333333	354.75	515.666666667	661.0	391.769230769	452.461538462	331.5	591.666666667	337.352941176	476.1	554.5	241.214285714	428.1	477.615384615	362.0	278.875	438.75	283.153846154	661.0	306.461538462	398.5	460.0	490.0	392.545454545	254.05	538.111111111	292.153846154	213.75
alpha_rarefaction_128_8.txt	128	8	330.5	401.909090909	469.090909091	376.090909091	335.214285714	384.714285714	399.5	489.0	360.769230769	536.111111111	516.25	408.363636364	560.0	275.125	331.4375	390.769230769	433.272727273	477.272727273	405.230769231	660.428571429	447.25	316.071428571	465.5	718.5	391.769230769	369.153846154	507.111111111	390.5	531.8	277.833333333
alpha_rarefaction_128_9.txt	128	9	401.4	414.75	569.625	455.833333333	577.5	346.230769231	452.0	286.882352941	316.0	442.090909091	499.0	567.625	309.058823529	354.090909091	381.583333333	601.909090909	298.2	461.0	399.5	351.0	406.0	296.2	502.5	478.272727273	392.071428571	305.0	505.5	626.333333333	410.0	245.0
alpha_rarefaction_187_0.txt	187	0	822.428571429	416.130434783	358.0	495.0	575.461538462	543.0	418.5	540.047619048	495.0	548.058823529	706.0	666.090909091	477.5	334.142857143	567.4	684.4	435.375	446.307692308	517.5625	472.052631579	502.0	510.235294118	322.607142857	565.833333333	545.75	394.65	511.555555556	565.125	563.0	385.625
alpha_rarefaction_187_1.txt	187	1	564.473684211	340.25	743.153846154	556.055555556	516.0	444.25	289.322580645	399.652173913	448.058823529	374.391304348	538.5	510.6875	457.434782609	319.0	554.0	493.052631579	409.5	490.647058824	437.75	399.882352941	440.541666667	348.714285714	631.461538462	596.315789474	513.956521739	439.0	383.565217391	400.652173913	420.368421053	416.166666667
alpha_rarefaction_187_2.txt	187	2	497.05	434.3	533.352941176	490.555555556	477.235294118	404.666666667	450.8	492.555555556	400.0	339.222222222	402.636363636	456.571428571	580.8125	623.769230769	790.833333333	462.625	685.5	506.166666667	558.866666667	484.5	436.0	285.107142857	735.0	642.666666667	442.043478261	607.214285714	406.545454545	624.714285714	486.714285714	348.214285714
alpha_rarefaction_187_3.txt	187	3	692.714285714	585.666666667	520.0	542.5625	551.428571429	374.5	377.44	397.0	450.526315789	355.4	429.75	697.1	442.954545455	377.157894737	416.285714286	692.866666667	336.652173913	587.526315789	552.4	540.176470588	617.833333333	408.555555556	762.461538462	814.75	455.142857143	435.75	353.038461538	700.090909091	364.5	340.5
alpha_rarefaction_187_4.txt	187	4	497.117647059	308.25	948.1	458.434782609	542.714285714	496.05	347.12	469.157894737	415.166666667	642.230769231	521.789473684	520.5625	563.214285714	313.894736842	504.166666667	581.176470588	510.6875	443.333333333	634.066666667	445.058823529	381.076923077	377.5	603.882352941	673.0	519.0	486.0	594.588235294	508.0	598.071428571	319.473684211
alpha_rarefaction_187_5.txt	187	5	806.0	628.0	683.4	454.526315789	420.476190476	416.166666667	445.333333333	448.130434783	422.545454545	718.5	596.5	503.647058824	778.066666667	714.25	615.9375	638.066666667	473.882352941	419.5	468.75	468.4	602.55	727.083333333	502.166666667	667.0	586.5	463.157894737	542.894736842	674.75	423.9	374.9375
alpha_rarefaction_187_6.txt	187	6	762.461538462	467.142857143	414.142857143	387.954545455	823.333333333	487.647058824	337.0	459.772727273	477.166666667	620.0	740.714285714	505.0	849.545454545	480.2	476.166666667	379.75	396.5	434.625	642.5	503.0	659.0	427.894736842	757.083333333	542.894736842	500.869565217	375.285714286	488.0	346.357142857	398.0	403.0
alpha_rarefaction_187_7.txt	187	7	463.625	558.0	391.791666667	644.5	846.545454545	513.235294118	414.5	470.75	339.04	472.052631579	566.473684211	391.055555556	333.896551724	424.058823529	631.461538462	392.791666667	431.0	800.0	404.0	482.235294118	529.105263158	469.055555556	447.058823529	790.5	445.25	401.105263158	586.5	632.375	533.5	338.058823529
alpha_rarefaction_187_8.txt	187	8	811.714285714	435.473684211	535.5	409.0	908.272727273	395.65	483.3	751.928571429	415.894736842	520.789473684	389.777777778	444.25	395.913043478	377.5	512.555555556	595.315789474	673.75	586.5	583.666666667	583.666666667	657.526315789	518.882352941	381.142857143	440.541666667	827.230769231	555.0	390.791666667	390.047619048	540.0	319.058823529
alpha_rarefaction_187_9.txt	187	9	366.84	441.954545455	441.105263158	572.071428571	493.928571429	490.714285714	562.866666667	500.157894737	401.8	661.0	553.05	413.25	483.333333333	303.25	471.714285714	582.333333333	413.894736842	460.619047619	383.315789474	555.0	440.541666667	330.555555556	571.4375	625.055555556	594.4	671.0	526.5	519.789473684	480.235294118	458.230769231
alpha_rarefaction_246_0.txt	246	0	537.37037037	572.5	408.032258065	620.434782609	632.333333333	469.464285714	457.689655172	525.12	572.130434783	730.166666667	621.666666667	861.875	754.772727273	502.555555556	656.956521739	455.689655172	587.0	684.956521739	441.551724138	504.037037037	544.0	485.538461538	533.535714286	808.913043478	1106.4375	646.565217391	572.8	560.166666667	507.0	331.21875
alpha_rarefaction_246_1.txt	246	1	608.433333333	391.676470588	540.37037037	590.25	756.882352941	811.071428571	558.047619048	633.0	414.64	698.0	637.964285714	680.0	593.84	554.666666667	736.714285714	687.291666667	580.043478261	674.55	422.724137931	1011.57142857	609.142857143	516.391304348	542.291666667	543.677419355	1171.21428571	885.8125	655.545454545	636.25	361.236842105	489.217391304
alpha_rarefaction_246_2.txt	246	2	497.870967742	642.5	589.115384615	468.772727273	769.235294118	676.454545455	422.0	865.0	504.4	508.0	718.64	550.047619048	830.526315789	855.058823529	617.12	679.84	440.84	709.636363636	496.7	631.045454545	635.964285714	515.84	784.0	573.5	652.12	436.551724138	412.675675676	529.25	665.869565217	437.9
alpha_rarefaction_246_3.txt	246	3	586.538461538	475.40625	425.028571429	599.714285714	580.25	991.0	426.285714286	671.772727273	445.2	515.730769231	526.12	657.875	636.913043478	551.652173913	707.25	691.12	549.5	527.076923077	928.9375	668.285714286	705.807692308	543.913043478	594.125	755.772727273	842.272727273	500.375	589.25	683.65	521.12	407.0
alpha_rarefaction_246_4.txt	246	4	1172.21428571	527.111111111	611.954545455	586.105263158	658.315789474	760.8125	429.090909091	544.607142857	448.884615385	497.956521739	775.05	513.730769231	560.64	487.5	455.833333333	570.25	347.387096774	615.807692308	709.25	577.043478261	428.0	416.0	611.037037037	677.454545455	1233.76923077	623.636363636	640.8	634.8	543.0	441.3
alpha_rarefaction_246_5.txt	246	5	668.4	439.615384615	602.714285714	457.833333333	428.44	421.2	540.535714286	476.40625	555.045454545	654.157894737	550.875	451.576923077	605.681818182	605.9	473.730769231	756.333333333	452.037037037	367.6	482.0	525.956521739	470.464285714	743.352941176	647.625	1085.21428571	668.4	502.4	543.555555556	434.193548387	398.034482759	412.0
alpha_rarefaction_246_6.txt	246	6	554.230769231	453.5	396.65625	629.125	792.6875	667.5	535.222222222	631.384615385	528.681818182	508.714285714	752.916666667	537.0	677.391304348	437.9	529.565217391	463.875	564.166666667	461.2	628.0	517.129032258	565.2	549.047619048	598.3	744.636363636	452.903225806	515.84	521.884615385	625.636363636	413.666666667	464.526315789
alpha_rarefaction_246_7.txt	246	7	821.5	445.896551724	390.125	614.0	454.24	570.0	442.551724138	438.7	575.625	627.652173913	595.37037037	398.941176471	733.166666667	523.142857143	604.4	597.730769231	560.0	596.454545455	453.75	508.714285714	484.0	393.65625	432.193548387	714.545454545	491.4375	772.166666667	582.416666667	669.772727273	591.789473684	495.5
alpha_rarefaction_246_8.txt	246	8	790.142857143	641.217391304	579.416666667	504.538461538	719.0	660.136363636	475.137931034	500.035714286	574.476190476	557.434782609	650.0	714.55	560.64	487.538461538	637.0	754.0	855.071428571	463.2	779.052631579	522.12	527.076923077	628.0	474.107142857	634.230769231	515.129032258	763.055555556	909.428571429	608.142857143	398.777777778	365.0
alpha_rarefaction_246_9.txt	246	9	528.451612903	600.6	545.884615385	563.260869565	447.576923077	699.894736842	511.615384615	653.545454545	435.615384615	562.166666667	684.956521739	471.772727273	430.096774194	388.125	513.730769231	671.869565217	523.12	782.75	597.043478261	573.476190476	545.363636364	369.4375	741.789473684	617.25	898.176470588	599.3	438.7	488.37037037	680.65	429.55
alpha_rarefaction_305_0.txt	305	0	636.277777778	372.575	836.565217391	621.896551724	545.535714286	562.0	424.136363636	685.363636364	610.857142857	826.0	641.03030303	630.677419355	895.217391304	520.0	513.323529412	601.571428571	712.933333333	704.25	633.689655172	468.0	591.59375	545.0	723.652173913	819.076923077	621.6	536.9375	701.107142857	716.25	518.27027027	494.916666667
alpha_rarefaction_305_1.txt	305	1	646.357142857	584.0	498.0	656.533333333	720.652173913	754.125	590.6875	539.121212121	542.222222222	591.0	823.04	616.896551724	649.451612903	617.444444444	634.03030303	933.12	493.090909091	479.418604651	596.323529412	492.027777778	1012.55	516.724137931	692.833333333	1106.9	701.363636364	597.107142857	533.636363636	715.807692308	562.034482759	438.130434783
alpha_rarefaction_305_2.txt	305	2	871.25	631.5	530.294117647	564.857142857	575.5	626.25	481.0	609.096774194	480.027777778	637.137931034	899.75	742.64	764.75	399.277777778	802.444444444	768.44	878.791666667	553.5	677.551724138	855.24	540.153846154	607.24137931	609.24137931	696.214285714	842.04	698.181818182	454.692307692	773.12	548.535714286	452.884615385
alpha_rarefaction_305_3.txt	305	3	553.166666667	917.2	652.137931034	443.763157895	687.84	616.444444444	491.717948718	559.783783784	618.076923077	728.384615385	551.166666667	577.666666667	720.0	574.333333333	729.64	571.777777778	642.964285714	536.885714286	592.7	1002.33333333	785.848484848	459.171428571	910.473684211	596.416666667	741.777777778	543.161290323	736.107142857	902.913043478	594.888888889	437.090909091
alpha_rarefaction_305_4.txt	305	4	689.037037037	450.486486486	1141.2	469.029411765	695.291666667	907.4	402.8125	499.617647059	745.130434783	518.365853659	693.2	584.344827586	601.303030303	708.772727273	814.666666667	549.15	564.322580645	620.322580645	621.483870968	631.689655172	758.103448276	534.34375	574.090909091	857.37037037	969.142857143	801.434782609	687.037037037	827.0	557.885714286	496.04
alpha_rarefaction_305_5.txt	305	5	725.076923077	571.176470588	711.25	462.447368421	806.052631579	712.344827586	688.037037037	644.137931034	538.451612903	668.896551724	501.083333333	844.526315789	686.9375	528.84	765.037037037	440.775	546.903225806	530.636363636	570.193548387	842.125	649.620689655	526.129032258	1020.71428571	677.162162162	1017.31578947	632.785714286	641.357142857	580.0	650.0	509.037037037
alpha_rarefaction_305_6.txt	305	6	738.333333333	536.885714286	670.956521739	709.772727273	576.8125	578.75	526.285714286	570.885714286	605.454545455	567.533333333	633.263157895	652.607142857	836.565217391	588.517241379	772.12	569.459459459	567.615384615	577.794117647	628.275862069	587.833333333	631.263157895	486.848484848	864.275862069	609.181818182	770.037037037	619.896551724	510.0	698.935483871	609.5	581.130434783
alpha_rarefaction_305_7.txt	305	7	638.03030303	604.303030303	839.04	767.206896552	638.357142857	667.0	450.487179487	580.090909091	558.555555556	833.730769231	632.428571429	507.027027027	549.903225806	482.636363636	788.965517241	558.25	690.230769231	478.736842105	592.454545455	584.117647059	803.5	385.923076923	724.64	968.681818182	655.303030303	702.565217391	610.888888889	520.27027027	565.322580645	470.12
alpha_rarefaction_305_8.txt	305	8	747.037037037	447.466666667	487.717948718	583.848484848	497.026315789	594.0	457.777777778	632.0	545.5	623.59375	698.6	798.142857143	685.535714286	437.441176471	773.038461538	556.538461538	581.533333333	571.7	703.516129032	635.689655172	739.777777778	652.1	661.37037037	680.171428571	733.034482759	705.75	581.096774194	774.033333333	494.0	630.636363636
alpha_rarefaction_305_9.txt	305	9	625.75	523.757575758	466.090909091	884.791666667	814.0	764.0	493.0	499.384615385	548.535714286	626.0	590.277777778	726.64	697.724137931	639.652173913	625.275862069	727.5	553.677419355	579.692307692	789.230769231	655.607142857	604.032258065	599.032258065	582.032258065	605.675675676	672.794117647	685.357142857	585.344827586	790.130434783	564.322580645	394.222222222
alpha_rarefaction_364_0.txt	364	0	693.15	885.896551724	668.588235294	550.972972973	814.551724138	959.037037037	566.384615385	712.384615385	609.026315789	664.333333333	637.333333333	616.096774194	694.117647059	474.0	694.323529412	539.468085106	633.59375	805.6	571.1875	742.75	769.236842105	563.25	969.416666667	859.161290323	784.46875	844.833333333	647.277777778	671.588235294	688.5625	741.434782609
alpha_rarefaction_364_1.txt	364	1	894.551724138	562.1875	567.139534884	762.034482759	596.823529412	530.0	494.418604651	847.677419355	570.625	688.926829268	647.25	792.888888889	949.774193548	599.833333333	695.870967742	630.477272727	944.64	584.068181818	705.6	537.146341463	606.23255814	632.0	613.609756098	785.75	656.634146341	727.083333333	569.5	846.833333333	655.236842105	572.037037037
alpha_rarefaction_364_2.txt	364	2	838.2	554.153846154	621.666666667	538.5	763.322580645	740.034482759	458.557692308	678.405405405	546.0	551.022727273	629.571428571	700.666666667	588.142857143	824.545454545	657.236842105	645.317073171	573.333333333	644.5	772.193548387	698.666666667	596.591836735	569.029411765	677.794117647	851.6	818.0	611.53125	864.46875	775.666666667	597.5	550.307692308
alpha_rarefaction_364_3.txt	364	3	677.0	496.666666667	836.483870968	479.108695652	748.677419355	840.857142857	465.695652174	604.65	699.34375	764.216216216	614.02173913	939.166666667	813.032258065	547.34375	818.0	587.365853659	584.692307692	867.451612903	796.1875	675.583333333	691.941176471	663.529411765	759.0	775.783783784	813.5	509.914893617	810.333333333	872.774193548	553.529411765	463.483870968
alpha_rarefaction_364_4.txt	364	4	1230.6	612.026315789	674.625	653.083333333	596.823529412	932.64	477.196078431	729.181818182	473.756756757	596.277777778	713.666666667	952.136363636	623.837209302	593.032258065	733.571428571	882.029411765	636.384615385	609.666666667	722.129032258	602.692307692	739.571428571	458.777777778	783.294117647	695.56097561	645.75	763.033333333	568.340909091	648.894736842	724.933333333	753.545454545
alpha_rarefaction_364_5.txt	364	5	753.025641026	551.394736842	527.130434783	505.162790698	739.555555556	530.0	517.914893617	691.941176471	662.774193548	794.607142857	574.5	717.25	804.25	581.15625	581.837837838	746.575	788.888888889	758.333333333	710.578947368	726.28125	765.666666667	722.933333333	718.081081081	759.857142857	733.682926829	600.5	691.033333333	558.636363636	668.0	426.135135135
alpha_rarefaction_364_6.txt	364	6	707.976744186	495.418604651	735.84375	819.551724138	696.34375	861.107142857	453.615384615	591.243243243	620.028571429	836.884615385	647.25	653.161290323	649.456521739	729.076923077	723.441176471	723.153846154	542.076923077	666.777777778	921.517241379	811.24137931	880.029411765	506.428571429	746.903225806	744.365853659	691.5	572.525	701.527777778	677.731707317	679.21875	417.193548387
alpha_rarefaction_364_7.txt	364	7	1033.0	562.075	784.65625	659.12195122	966.44	761.529411765	394.773584906	761.40625	683.21875	662.529411765	738.65	511.7	847.176470588	528.75	781.46875	706.976744186	684.033333333	747.588235294	596.87804878	894.857142857	685.023809524	589.692307692	770.322580645	948.277777778	774.783783784	691.5	637.384615385	722.75	490.394736842	515.081081081
alpha_rarefaction_364_8.txt	364	8	737.526315789	737.0	573.0	588.9	794.230769231	664.303030303	530.25	855.464285714	676.516129032	595.022222222	870.451612903	800.964285714	877.275862069	482.405405405	812.551724138	547.632653061	594.848484848	612.026315789	684.941176471	638.5	656.692307692	518.277777778	673.636363636	1078.67741935	715.2	738.885714286	594.595744681	740.0	819.896551724	494.085714286
alpha_rarefaction_364_9.txt	364	9	682.527777778	512.384615385	627.384615385	645.285714286	796.230769231	760.125	437.7	560.075	590.533333333	546.394736842	726.875	1022.07692308	781.096774194	788.517241379	592.763157895	740.405405405	562.25	703.583333333	608.885714286	756.333333333	658.076923077	548.153846154	722.75	983.90625	704.657894737	796.37037037	542.022222222	739.885714286	632.75	685.869565217
alpha_rarefaction_423_0.txt	423	0	1189.51612903	602.442307692	738.916666667	662.456521739	831.527777778	899.0	694.5	970.285714286	683.447368421	600.145833333	971.081081081	818.692307692	682.12244898	931.535714286	663.772727273	722.326086957	643.818181818	739.162162162	581.660377358	670.068181818	772.333333333	579.97826087	877.486486486	945.027027027	835.87804878	824.657894737	793.371428571	762.243902439	527.813953488	636.794117647
alpha_rarefaction_423_1.txt	423	1	925.023809524	533.519230769	777.75	826.303030303	1022.88888889	733.357142857	462.892857143	705.372093023	562.958333333	823.642857143	903.275	919.27027027	803.073170732	643.166666667	706.0	865.902439024	738.27027027	616.068181818	862.088235294	1062.5	692.170212766	685.636363636	823.0	741.02173913	823.777777778	950.757575758	659.127659574	768.046511628	657.487179487	501.081081081
alpha_rarefaction_423_2.txt	423	2	798.523809524	629.0	721.428571429	950.433333333	892.551724138	962.0	561.632653061	582.2	610.333333333	780.885714286	754.529411765	730.025	609.773584906	702.117647059	718.558139535	695.583333333	687.418604651	1001.15789474	1008.0	823.096774194	732.790697674	617.918367347	738.977272727	750.958333333	702.571428571	722.027027027	506.192307692	724.272727273	709.428571429	491.027777778
alpha_rarefaction_423_3.txt	423	3	1091.94117647	740.790697674	724.256410256	516.679245283	830.527777778	753.357142857	550.788461538	769.6	817.09375	654.8	627.784313725	759.75	807.8	675.634146341	798.459459459	613.767857143	675.634146341	696.023809524	734.081081081	748.578947368	645.204081633	929.307692308	707.8	826.568181818	700.3	723.526315789	632.518518519	839.527777778	902.615384615	677.625
alpha_rarefaction_423_4.txt	423	4	941.027777778	630.227272727	649.057692308	539.365853659	1014.15625	670.068181818	555.12244898	546.717391304	583.108108108	779.027777778	770.6	887.216216216	695.388888889	450.5625	749.52173913	904.756756757	552.25	721.384615385	1017.15625	660.441860465	735.133333333	807.0	780.447368421	958.125	749.222222222	817.263157895	736.5	887.216216216	630.651162791	498.0
alpha_rarefaction_423_5.txt	423	5	737.638297872	741.875	683.727272727	807.25	885.125	797.875	558.226415094	725.4	698.941176471	760.630434783	760.4	801.837837838	670.222222222	539.365853659	746.227272727	677.071428571	687.676470588	822.365853659	762.243902439	858.6	946.027027027	759.2	811.41025641	832.023255814	986.27027027	781.875	937.285714286	691.41025641	609.0	501.857142857
alpha_rarefaction_423_6.txt	423	6	759.886363636	627.136363636	690.731707317	718.578947368	627.477272727	515.272727273	573.5625	620.75	723.363636364	698.282608696	698.023809524	841.322580645	733.386363636	873.107142857	1283.91666667	691.333333333	752.636363636	709.15	670.642857143	707.918367347	905.825	631.902439024	741.27027027	760.72	927.617647059	658.216216216	709.763157895	726.526315789	856.833333333	608.6875
alpha_rarefaction_423_7.txt	423	7	613.1	729.666666667	717.222222222	695.317073171	862.871794872	702.875	536.56	497.518518519	684.692307692	667.790697674	832.657894737	699.085714286	961.277777778	478.195652174	720.558139535	849.022222222	743.277777778	828.263157895	792.833333333	607.238095238	852.341463415	917.090909091	712.976744186	1104.67647059	778.25	1096.4	692.418604651	812.243243243	615.692307692	570.0
alpha_rarefaction_423_8.txt	423	8	734.833333333	568.365384615	560.411764706	604.125	813.09375	688.97826087	462.842105263	890.875	613.833333333	726.255319149	1051.0	729.153846154	868.219512195	531.386363636	859.459459459	716.234042553	656.212765957	691.976744186	671.634146341	816.228571429	601.120689655	743.0	888.303030303	1031.79411765	667.608695652	721.777777778	839.857142857	1067.32258065	626.902439024	445.833333333
alpha_rarefaction_423_9.txt	423	9	963.902439024	523.01754386	715.657894737	614.23255814	762.146341463	917.441176471	496.018867925	582.340909091	537.717391304	749.813953488	978.285714286	691.236842105	801.947368421	541.666666667	650.057692308	781.024390244	728.025	659.326086957	684.333333333	661.0	832.222222222	950.25	774.525	839.826086957	773.073170732	659.11627907	801.875	873.783783784	698.153846154	464.934782609
alpha_rarefaction_482_0.txt	482	0	793.2	600.8	849.133333333	920.184210526	741.977272727	788.733333333	527.387096774	1001.0	891.923076923	732.591836735	744.705882353	777.217391304	746.107142857	669.216216216	750.1875	680.571428571	873.9	650.5	926.790697674	734.056603774	799.522727273	882.777777778	822.307692308	801.016666667	879.022222222	786.525	804.318181818	865.568181818	565.632653061	510.085714286
alpha_rarefaction_482_1.txt	482	1	697.915254237	504.275862069	880.066666667	697.0	1110.16129032	1146.03333333	466.161764706	685.654545455	617.139534884	982.256410256	860.857142857	755.222222222	848.960784314	776.333333333	892.216216216	763.172413793	838.875	731.738095238	769.849056604	796.348837209	1033.0	666.8	863.636363636	1138.32608696	742.113207547	825.636363636	819.936170213	734.893617021	790.027777778	507.976744186
alpha_rarefaction_482_2.txt	482	2	781.666666667	648.518518519	685.466666667	683.020408163	847.022222222	767.568181818	508.435483871	832.636363636	698.477272727	654.42	864.22	896.583333333	880.212765957	716.936170213	843.957446809	745.018518519	793.642857143	680.02	933.162162162	951.88372093	828.56	637.208333333	772.022222222	758.775510204	867.609756098	729.558139535	833.568181818	650.928571429	635.609756098	869.12
alpha_rarefaction_482_3.txt	482	3	928.790697674	652.75	915.692307692	705.428571429	875.9	846.135135135	556.0	698.12244898	615.653846154	705.428571429	669.865384615	901.487179487	761.277777778	786.027777778	899.0	687.02	688.2	820.146341463	715.42	876.459459459	1003.52941176	660.06122449	793.725490196	904.5625	1111.67567568	922.0	763.8	807.024390244	617.75	678.303030303
alpha_rarefaction_482_4.txt	482	4	906.625	688.192307692	656.454545455	774.972972973	893.333333333	977.285714286	496.8125	815.5	665.857142857	779.046511628	959.977272727	809.0	759.018181818	676.642857143	759.12244898	815.960784314	751.80952381	610.454545455	819.936170213	901.75	713.0	703.571428571	786.651162791	840.20754717	709.85	786.651162791	727.411764706	915.634146341	753.813953488	544.068181818
alpha_rarefaction_482_5.txt	482	5	820.411764706	640.1	954.65	644.294117647	949.6	784.738095238	543.55	690.192307692	679.97826087	757.222222222	933.108695652	657.42	704.637931034	597.243902439	1106.67567568	705.842105263	957.757575758	775.285714286	745.133333333	746.5	715.056603774	703.88372093	763.058823529	795.222222222	810.222222222	746.071428571	829.0	913.11627907	818.069767442	542.857142857
alpha_rarefaction_482_6.txt	482	6	873.538461538	647.518518519	750.283018868	719.717948718	795.717948718	730.591836735	506.120689655	794.456521739	691.022222222	711.0	925.142857143	709.318181818	927.441860465	557.042553191	777.270833333	741.549019608	761.405405405	579.666666667	659.109090909	756.227272727	833.571428571	873.578947368	855.595744681	824.833333333	711.982142857	889.52173913	717.734693878	939.5	809.236842105	645.459459459
alpha_rarefaction_482_7.txt	482	7	910.204081633	638.784313725	852.692307692	638.0	808.5	962.166666667	473.492537313	657.636363636	706.058823529	849.826086957	823.285714286	690.195652174	911.736842105	796.371428571	728.666666667	850.448979592	822.41025641	748.386363636	875.902439024	806.947368421	802.264150943	844.692307692	718.936170213	1104.66666667	972.238095238	918.083333333	637.226415094	746.0	835.885714286	619.885714286
alpha_rarefaction_482_8.txt	482	8	928.520833333	749.882352941	796.384615385	737.818181818	918.028571429	958.617647059	504.424242424	618.442307692	667.8	786.333333333	795.981132075	759.8	845.3	748.875	761.8	982.108695652	942.081081081	609.305084746	756.5625	739.833333333	836.773584906	603.865384615	757.0	1035.38636364	916.8	759.12244898	823.727272727	858.487179487	710.571428571	786.103448276
alpha_rarefaction_482_9.txt	482	9	748.02173913	736.893617021	826.894736842	715.659574468	846.076923077	680.319148936	485.764705882	783.0	666.020833333	697.731707317	822.865384615	787.456521739	840.333333333	671.775	788.236842105	955.418604651	744.441860465	635.35	808.47826087	846.527777778	812.222222222	652.657894737	1039.37142857	962.204081633	692.192307692	817.234042553	766.534883721	798.488372093	666.11627907	840.933333333
alpha_rarefaction_541_0.txt	541	0	944.0	763.283018868	773.52173913	890.788461538	947.590909091	901.52173913	522.850746269	733.964912281	557.516129032	640.685185185	857.428571429	780.270833333	763.193548387	814.523809524	998.234042553	924.078431373	742.666666667	735.145833333	915.25	933.0	935.981132075	616.491803279	891.918367347	1111.55319149	1003.77777778	728.266666667	732.117647059	1010.02564103	664.057692308	701.848484848
alpha_rarefaction_541_1.txt	541	1	880.352941176	710.0	790.352941176	742.056603774	931.5625	829.964912281	499.391891892	674.109090909	707.477272727	664.8	828.096774194	750.93220339	808.0	875.459459459	888.127659574	814.368421053	801.632653061	807.62	944.282608696	953.976744186	909.75	792.0	1033.5	930.857142857	988.936170213	926.956521739	1000.16666667	1225.52777778	699.195652174	498.277777778
alpha_rarefaction_541_2.txt	541	2	860.685185185	915.534883721	900.5	707.016129032	854.142857143	878.25	498.642857143	746.054545455	553.368421053	732.0	834.964912281	723.0	782.272727273	668.466666667	771.1	869.142857143	750.188679245	695.084745763	939.62	770.12244898	835.285714286	803.733333333	963.977272727	804.0	947.0	1026.09090909	770.528301887	771.529411765	787.714285714	852.0
alpha_rarefaction_541_3.txt	541	3	731.642857143	619.564516129	706.105263158	691.418181818	845.660377358	805.875	588.0	705.2	746.1	757.482758621	789.47761194	763.277777778	937.333333333	763.914893617	1168.92307692	916.529411765	729.625	807.163265306	1111.0	783.352941176	762.015873016	868.717391304	1128.6	1114.125	1104.55319149	716.277777778	651.671641791	1015.62222222	756.042553191	528.790697674
alpha_rarefaction_541_4.txt	541	4	926.25	742.294117647	638.417910448	733.0	857.826086957	793.651162791	522.739130435	632.303571429	667.75	838.87755102	804.725806452	765.105263158	614.642857143	857.675675676	928.0	988.272727273	618.872727273	665.333333333	842.518518519	811.944444444	765.396226415	659.882352941	1089.14634146	1286.2	983.0	937.027777778	930.2	815.52	763.529411765	666.428571429
alpha_rarefaction_541_5.txt	541	5	848.769230769	750.054545455	706.2	736.018867925	1160.89473684	849.957446809	524.585714286	717.392857143	673.127659574	896.962264151	963.849056604	791.714285714	692.62295082	910.487179487	780.0	852.109090909	768.365853659	756.053571429	1061.5	726.057692308	917.25	776.058823529	773.489795918	1076.71428571	950.25	842.512195122	750.229508197	790.245283019	732.625	651.56097561
alpha_rarefaction_541_6.txt	541	6	854.25	764.362068966	741.115384615	795.837209302	1104.125	817.714285714	554.53125	818.47826087	643.022222222	716.641791045	804.017241379	826.181818182	755.229508197	1015.6	902.708333333	829.5	905.394736842	942.020408163	694.418181818	1010.0	707.4	612.017857143	1051.02439024	1106.95833333	873.365384615	826.02	1076.0	851.0	888.384615385	712.153846154
alpha_rarefaction_541_7.txt	541	7	864.92	801.019230769	875.23255814	872.0	789.022222222	800.444444444	591.448275862	680.471698113	511.368421053	698.875	932.12244898	936.571428571	911.75862069	619.381818182	817.0	707.424242424	696.019607843	842.0	823.195652174	860.526315789	884.0	734.115384615	765.528301887	1122.0	879.454545455	905.5625	605.737704918	740.115384615	610.448275862	750.083333333
alpha_rarefaction_541_8.txt	541	8	857.466666667	645.701754386	800.826086957	1058.6875	827.333333333	776.849056604	527.436619718	786.272727273	695.0	887.212765957	976.957446809	836.47826087	1061.66666667	816.277777778	794.716981132	1071.25	763.054545455	735.057692308	871.4375	873.348837209	911.703125	874.923076923	854.92	741.761904762	811.4	851.75	934.5	903.021276596	676.456521739	516.630434783
alpha_rarefaction_541_9.txt	541	9	732.157894737	638.666666667	824.840909091	874.357142857	908.0	960.333333333	566.692307692	845.0	805.782608696	754.403846154	774.28125	932.212765957	801.222222222	704.170212766	1079.60869565	817.12244898	780.065217391	666.164179104	966.666666667	1154.4	799.166666667	775.534883721	1071.25	957.3	1055.39622642	810.117647059	734.344827586	793.75	728.234042553	693.0
alpha_rarefaction_600_0.txt	600	0	1121.95833333	644.043478261	753.304347826	1032.51219512	798.353846154	995.058823529	546.291666667	749.5	804.456521739	710.045454545	1272.56097561	745.789473684	970.103448276	645.226415094	918.157894737	892.0	761.93220339	862.842105263	818.338709677	829.163265306	733.095890411	709.0	874.322033898	1004.94285714	1047.63793103	873.807692308	736.661290323	833.362068966	793.017241379	544.458333333
alpha_rarefaction_600_1.txt	600	1	736.090909091	725.216666667	887.018518519	633.638888889	911.777777778	792.272727273	546.630136986	731.25	610.5	860.842105263	1037.63829787	868.142857143	703.783783784	724.659574468	962.196078431	867.0	645.288135593	853.166666667	1056.6	829.178571429	901.052631579	763.538461538	779.355932203	999.375	1013.10526316	883.660377358	816.256410256	1000.57142857	705.208333333	756.5
alpha_rarefaction_600_2.txt	600	2	1016.01886792	815.307692308	836.05	825.23255814	912.226415094	1109.95833333	552.126760563	813.770833333	744.9	701.904761905	950.428571429	1080.02439024	968.327868852	767.82	932.622222222	851.482758621	718.296875	765.620689655	844.472727273	845.181818182	934.677966102	829.0625	931.114754098	1030.15789474	949.508474576	809.016949153	708.131147541	886.018181818	648.015384615	789.666666667
alpha_rarefaction_600_3.txt	600	3	901.518518519	745.272727273	837.038461538	788.0	1121.06818182	1050.4	542.763888889	996.418604651	650.58490566	903.438596491	909.0	705.588235294	811.878787879	639.701754386	802.2	824.714285714	762.283018868	797.666666667	926.631578947	795.238095238	852.355932203	873.022222222	1073.77083333	1022.89830508	929.5	752.75	765.3	788.230769231	667.147540984	548.813953488
alpha_rarefaction_600_4.txt	600	4	882.338709677	689.754098361	805.776119403	752.018867925	962.976744186	966.765957447	527.8	694.702702703	671.517857143	748.514285714	882.046153846	924.566037736	844.25	922.357142857	1010.55813953	826.103448276	1056.94736842	849.157894737	844.0	918.565217391	998.553846154	875.555555556	923.631578947	993.084745763	882.1	957.472727273	748.137931034	930.767857143	659.571428571	712.45
alpha_rarefaction_600_5.txt	600	5	967.781818182	825.62	743.34375	837.442307692	841.368421053	759.967213115	552.388888889	824.451612903	895.212765957	1018.34693878	947.508474576	840.865384615	1080.8490566	864.133333333	1118.125	760.542372881	878.352941176	1018.11764706	840.016393443	882.333333333	824.630136986	673.754098361	1111.10526316	1032.27272727	1175.77777778	829.789473684	860.775510204	875.725490196	641.288135593	596.62
alpha_rarefaction_600_6.txt	600	6	882.2	648.5	771.482758621	745.055555556	873.132075472	839.865384615	542.763888889	841.178571429	590.651515152	675.327868852	904.014925373	1105.0	993.482758621	784.630434783	867.385964912	1017.13793103	729.277777778	751.158730159	1112.34090909	679.791666667	1216.0	773.590909091	822.982142857	1105.51724138	943.769230769	751.246153846	793.269230769	940.705882353	703.208333333	479.441860465
alpha_rarefaction_600_7.txt	600	7	884.459016393	885.807692308	833.238095238	847.166666667	904.909090909	1098.7	543.123287671	850.964912281	762.857142857	926.767857143	849.0	812.12244898	797.125	812.06	986.0	952.549019608	907.52173913	901.593220339	748.380952381	947.716981132	681.630769231	992.272727273	871.322033898	996.029850746	825.060606061	782.901639344	930.566037736	944.981132075	680.75	806.416666667
alpha_rarefaction_600_8.txt	600	8	916.803571429	760.380952381	801.181818182	860.20754717	805.0	1058.13043478	543.123287671	768.1	710.06122449	693.578125	911.438596491	791.590163934	947.333333333	770.111111111	782.057692308	863.610169492	842.636363636	765.666666667	702.0	966.037735849	988.518518519	814.632653061	983.170212766	974.406779661	836.0	710.948275862	697.681818182	869.75	994.857142857	520.188679245
alpha_rarefaction_600_9.txt	600	9	914.267857143	792.390625	871.105263158	798.509090909	792.353846154	653.4	546.291666667	870.277777778	927.717391304	811.873015873	994.56	885.5	921.362068966	844.777777778	795.833333333	954.7	835.934782609	929.519230769	1145.0	956.192307692	831.049180328	837.8	904.611111111	866.947368421	1050.44897959	855.610169492	877.916666667	997.272727273	704.655737705	1005.44