	sequences per sample	iteration	515rcbc12	515rcbc21	515rcbc17	515rcbc34	515rcbc33	515rcbc31	515rcbc20	515rcbc15	515rcbc26	515rcbc22	515rcbc37	515rcbc24	515rcbc18	515rcbc35	515rcbc11	515rcbc27	515rcbc30	515rcbc13	515rcbc9	515rcbc28	515rcbc23	515rcbc32	515rcbc16	515rcbc19	515rcbc29	515rcbc14	515rcbc10	515rcbc8	515rcbc25	515rcbc36
alpha_rarefaction_10_0.txt	10	0	3.16651	3.54771	2.27869	3.31836	2.82121	2.94091	3.23182	2.63939	2.95304	3.38682	2.83882	3.38591	3.50014	3.22607	3.30982	2.28289	3.43596	3.90152	2.72041	2.58535	3.70009	3.18381	4.24685	2.77776	3.2151	2.54948	3.16072	3.63633	3.29271	4.18473
alpha_rarefaction_10_1.txt	10	1	2.80189	2.82606	2.87673	2.72095	2.96591	2.8119	3.15246	2.15035	3.29896	2.85121	2.6523	2.74985	3.37912	2.60073	3.31417	3.00702	3.84004	3.70828	2.8383	3.62713	3.70507	2.80914	2.35296	2.85116	3.49328	2.84972	2.95995	3.27077	3.17578	2.72799
alpha_rarefaction_10_2.txt	10	2	3.05554	2.76406	3.55091	3.06539	2.78796	2.50272	2.87168	2.4918	2.82685	3.01562	2.71776	3.78394	2.88441	2.76188	2.44884	2.07272	2.78529	3.33251	2.22847	3.43756	3.42624	2.61171	2.98743	2.89564	2.75859	2.99071	2.50193	2.27844	3.95268	2.74526
alpha_rarefaction_10_3.txt	10	3	3.11208	3.12094	2.32198	2.5264	3.65179	2.36762	2.90392	2.59464	3.71329	3.1547	2.99717	3.33917	4.10528	2.63364	2.32789	2.75295	3.45354	2.66064	3.03961	2.90274	2.69108	2.79087	3.5606	3.04977	3.22697	3.50147	3.26143	3.01258	2.39489	2.78201
alpha_rarefaction_10_4.txt	10	4	3.07923	3.34599	3.22881	2.52996	2.52117	2.51744	2.77514	2.21852	2.8624	2.42034	3.25527	3.14913	3.3058	2.70705	2.64484	2.91821	2.71349	2.7284	2.84744	3.84904	2.66579	2.42248	2.93904	3.1696	3.46953	2.33834	2.94763	3.61118	3.54561	3.03624
alpha_rarefaction_10_5.txt	10	5	3.59203	3.68018	3.27815	3.08214	2.62298	2.17539	2.82872	2.67069	3.24993	3.32351	2.8708	3.91646	3.14184	3.68309	3.22536	2.41496	3.43136	3.78176	3.5585	3.00952	2.44637	3.47692	3.43726	3.6231	2.96056	2.32421	3.28775	2.48186	2.14159	2.96931
alpha_rarefaction_10_6.txt	10	6	3.15696	3.99775	2.49408	3.74206	2.37702	2.08941	2.95936	3.0944	2.94071	3.84036	3.07964	3.03445	2.86033	3.31632	3.33317	2.89857	3.83397	3.63797	3.06563	3.1126	2.97477	2.2303	3.233	2.94992	3.05889	3.35151	2.81786	2.5327	3.09891	2.59633
alpha_rarefaction_10_7.txt	10	7	3.17078	2.37908	2.87123	3.06637	2.56774	2.88564	2.83359	2.31765	3.94099	2.42987	3.15428	3.17531	2.67255	3.28844	3.58126	2.39832	2.20968	3.40508	2.97711	2.54876	2.99538	2.8105	2.93755	2.86318	3.73829	2.88895	2.59571	3.78227	2.01169	2.72684
alpha_rarefaction_10_8.txt	10	8	3.18187	2.95909	2.56097	3.33265	2.9686	2.66046	2.59331	2.71773	3.08852	2.31663	3.16757	2.91648	3.42264	3.1195	3.28932	2.89402	3.5236	2.61093	3.22524	1.96068	3.90457	3.04326	2.91879	2.60141	2.86586	3.06633	3.15094	2.65641	2.9656	2.86457
alpha_rarefaction_10_9.txt	10	9	3.21921	2.7122	2.80412	2.86754	2.88077	2.99171	2.92297	2.59035	2.64787	2.37734	2.07258	2.70435	3.11921	2.97974	3.69223	2.91138	2.64585	2.74786	3.32612	2.99709	3.19543	3.3492	3.28241	2.47624	3.55175	3.47922	2.74905	3.15138	3.01041	3.46387
alpha_rarefaction_69_0.txt	69	0	9.30943	11.37507	11.02119	10.51069	8.78429	10.444	10.82789	8.86299	8.50711	10.45613	11.64606	11.22109	9.51878	10.19101	10.01667	11.70924	10.85622	11.31501	10.03455	10.56608	11.20341	10.19189	10.35226	11.13978	10.7275	9.60644	10.55672	9.80813	8.7662	9.13368
alpha_rarefaction_69_1.txt	69	1	10.20099	8.66184	10.31454	10.53474	9.5936	9.73918	9.07586	11.09405	8.89376	9.64636	10.59641	10.22794	9.94267	9.66659	10.1426	11.10939	10.41691	10.18989	11.21528	10.04517	10.86216	10.27608	9.62968	10.73097	10.70762	9.55777	9.79296	9.91524	10.23739	9.16572
alpha_rarefaction_69_2.txt	69	2	9.95107	10.20217	10.62156	8.88426	10.25294	9.50911	10.31908	9.79839	10.08263	9.76581	10.30154	9.32215	9.97196	8.45991	9.83369	10.68114	10.43467	10.38778	10.43446	11.31766	10.79201	9.66129	9.53822	10.15102	10.40578	9.61605	9.87664	10.69864	10.25093	7.61329
alpha_rarefaction_69_3.txt	69	3	9.17493	10.09535	9.32145	9.73307	9.69777	10.18448	9.86827	9.6044	9.4835	9.26512	10.17063	10.44176	10.09619	9.45568	8.66089	9.88525	10.54189	9.7425	10.65783	10.04179	11.09888	9.69871	8.89226	9.66405	10.50413	9.54176	10.02792	10.68545	8.07969	9.95945
alpha_rarefaction_69_4.txt	69	4	8.49684	9.15357	10.86364	9.99986	9.43956	10.20201	9.34385	9.31066	10.18763	9.73034	8.60961	10.93158	10.5003	9.32784	10.31734	10.91322	9.62764	9.81373	10.61897	10.34308	10.65509	9.74854	9.82874	10.76923	9.68863	8.95055	9.18128	9.56212	9.61794	8.71392
alpha_rarefaction_69_5.txt	69	5	9.72438	10.77229	9.86052	9.56239	9.81137	10.89962	10.63553	9.3626	9.86343	9.30362	10.43265	10.0323	10.53092	9.1768	8.61034	11.2107	9.92484	10.86224	10.41387	9.50752	10.5082	10.94794	9.43874	10.02551	10.83949	10.71814	10.33332	11.01951	8.45344	10.80007
alpha_rarefaction_69_6.txt	69	6	9.44749	10.26542	9.5808	10.00509	9.40039	9.15851	9.22164	9.36726	10.48599	10.79733	9.36405	11.79187	11.01122	10.18414	9.29707	9.8288	9.42071	10.28156	10.15264	9.77498	10.74311	9.36116	9.88422	10.60683	9.34395	10.50676	11.42232	11.0524	10.77195	7.76651
alpha_rarefaction_69_7.txt	69	7	10.44827	10.03732	9.77836	10.00701	10.14289	10.02007	9.54423	9.96615	10.78214	9.83285	11.25823	9.66286	9.96315	9.2695	9.67027	10.56961	10.63071	11.43581	9.75773	10.26053	10.18687	9.93967	9.3164	10.25352	10.02446	10.72749	10.71241	10.82406	10.03884	8.41133
alpha_rarefaction_69_8.txt	69	8	10.23521	9.23952	9.91316	10.79332	9.94344	10.09627	9.2463	9.79682	9.22891	10.2352	10.22375	10.50623	10.91958	10.85814	10.69593	9.69332	10.58645	10.47967	10.6906	10.8653	11.19069	11.07482	9.2179	10.90846	10.6172	10.76131	10.2588	10.48949	8.43864	9.51845
alpha_rarefaction_69_9.txt	69	9	8.93446	8.70662	10.75185	10.86454	8.55453	10.32687	9.64956	10.21295	9.69089	8.90752	10.36022	9.52673	11.37066	9.78476	9.33757	11.49154	11.34293	10.38938	8.95244	10.27945	10.3855	9.3682	10.20559	9.80678	10.12845	10.02626	9.12791	10.09729	9.44429	10.11108
alpha_rarefaction_128_0.txt	128	0	15.03528	14.23953	14.68493	12.61524	13.36639	13.82984	15.13863	13.58731	14.39019	13.40669	13.97895	15.24872	14.47343	12.84083	13.5831	15.4305	13.0068	14.11488	13.73654	13.53491	14.2992	14.08574	14.17914	15.52266	14.22547	14.90797	13.19195	14.14286	13.86455	13.97195
alpha_rarefaction_128_1.txt	128	1	15.60018	13.93113	13.10966	13.48837	12.41182	14.52774	13.86339	14.10266	14.2332	14.80694	14.84179	13.40992	14.06151	12.35756	14.16426	15.31438	12.70776	15.19729	14.98748	14.60168	14.26065	12.3352	14.4953	14.29492	14.37732	13.13154	13.59087	14.78863	13.4969	13.1404
alpha_rarefaction_128_2.txt	128	2	14.40626	15.16296	14.91102	12.67498	12.39763	14.69147	14.0973	13.71475	13.85611	14.42797	15.37105	14.90801	14.09013	13.21555	13.91374	14.92866	14.22242	14.40529	13.8061	13.06473	14.76633	13.59843	14.34446	15.50719	14.61726	14.33881	14.67594	14.95511	13.97705	12.72903
alpha_rarefaction_128_3.txt	128	3	14.54619	14.26966	12.94229	15.05444	13.79914	13.97466	13.57251	13.79925	14.08569	14.87708	13.46294	14.46093	14.95881	12.66379	14.28845	14.03027	13.45923	15.30155	14.34348	14.28457	14.73624	12.44389	13.90083	15.509	14.69201	14.5899	15.56221	14.90904	13.31154	12.51622
alpha_rarefaction_128_4.txt	128	4	15.84671	14.0765	12.83108	14.91703	14.51783	13.84808	14.05346	13.51463	12.66329	14.80261	15.33947	14.66713	14.29046	12.94999	14.05655	14.22248	12.78287	14.16023	13.0958	15.05781	15.94596	14.74915	13.00382	15.3446	14.77859	15.18379	14.65954	14.27934	12.96716	12.33873
alpha_rarefaction_128_5.txt	128	5	15.06702	14.91429	14.0546	14.11089	12.4255	13.18593	15.22517	12.90328	14.97103	15.39934	13.56255	13.59785	15.44082	13.16475	13.92811	15.18653	13.6469	15.54876	14.2379	14.14922	14.87469	13.17001	14.3139	14.80919	15.36442	14.43651	14.48857	13.53449	13.13636	13.3407
alpha_rarefaction_128_6.txt	128	6	13.00417	15.6427	13.76955	14.28904	12.647	14.45172	12.50181	13.88262	12.96034	15.15539	14.97654	14.7464	13.65289	12.93796	14.25397	15.72099	13.7632	14.38739	14.42968	14.68127	15.40963	14.11316	13.64512	15.37829	14.57115	15.008	14.15068	14.77629	13.34383	12.23539
alpha_rarefaction_128_7.txt	128	7	15.09916	15.74103	15.10739	12.33352	13.36258	15.14633	13.27191	14.31843	13.60131	13.37296	14.35009	13.0391	16.0247	12.91655	13.72858	15.64293	12.8227	13.66272	14.52188	11.58264	13.9907	13.20801	14.65654	14.61647	14.98909	14.54958	14.3651	15.14103	12.33176	12.39748
alpha_rarefaction_128_8.txt	128	8	15.00815	14.48156	13.50214	14.01775	13.99337	14.33703	13.94513	14.48423	13.88205	13.90582	15.01444	14.38677	13.71694	12.90895	15.05111	14.62413	14.03178	15.44581	14.52996	14.17834	14.85646	14.11182	14.42135	16.04022	14.97614	13.74581	13.52479	14.62714	13.17755	12.56839
alpha_rarefaction_128_9.txt	128	9	13.75413	15.26037	13.59571	14.46453	14.35193	13.42631	13.75656	13.1795	14.6386	14.56031	13.67934	13.83563	14.37893	13.20689	13.85514	15.47441	13.75017	14.74095	14.59794	14.75826	14.45872	12.40338	13.79126	15.50124	15.05357	13.76502	13.75484	14.5524	12.82104	13.50997
alpha_rarefaction_187_0.txt	187	0	18.77874	16.9213	16.6405	17.55933	16.85715	17.52603	17.4739	17.4289	15.78354	18.37897	18.46987	16.36375	17.5635	15.17137	16.09448	18.63131	16.57636	18.55592	16.56817	17.43136	18.58757	16.69374	16.16352	18.62457	18.14525	17.7618	17.05723	18.42531	15.51678	15.59544
alpha_rarefaction_187_1.txt	187	1	16.95257	16.43698	17.11504	18.86276	16.4491	18.23121	16.54321	15.77751	17.3043	16.40166	18.16624	17.7636	17.67864	16.12935	17.3042	17.55918	18.68225	16.84502	17.10941	16.23954	18.0485	16.47973	17.57831	17.85395	17.99813	16.36938	17.19847	17.35124	16.56176	16.06675
alpha_rarefaction_187_2.txt	187	2	18.22121	17.81577	16.60631	16.27831	16.31048	17.50371	17.23833	17.10374	16.32153	17.81422	16.8983	16.07935	17.98291	17.4095	16.96551	17.71361	16.08806	18.41799	17.68012	17.18402	18.03668	15.08355	16.52165	19.08793	17.41439	16.91777	15.66546	16.92509	16.02693	13.48325
alpha_rarefaction_187_3.txt	187	3	17.07792	17.88263	17.03228	16.67746	15.91901	15.99917	16.83989	17.07144	16.48929	15.06329	18.93182	16.83567	18.23203	15.18477	16.48398	18.00871	16.56637	18.67788	16.94748	17.81254	19.75124	15.99457	17.65935	19.74098	17.4923	16.97769	16.33946	17.14831	16.88126	16.335
alpha_rarefaction_187_4.txt	187	4	17.56035	16.03443	17.51751	18.62006	15.69073	17.51824	15.41076	17.06034	16.50905	19.58771	16.87685	17.20992	16.48119	15.5183	16.33619	19.55541	17.88969	17.3918	18.30642	16.9709	17.34917	16.01913	17.65638	17.19758	16.70805	18.68648	17.66281	17.97899	16.12969	16.82108
alpha_rarefaction_187_5.txt	187	5	18.48723	18.11974	16.5095	17.77512	16.55733	16.49149	17.54655	16.5997	18.43094	18.33533	19.1195	16.74969	17.98822	16.76205	18.03022	17.83706	16.736	17.29104	16.5562	16.44309	18.66619	18.22631	16.97652	19.70241	18.66236	17.49755	18.78976	18.06404	16.08821	15.55956
alpha_rarefaction_187_6.txt	187	6	17.74353	18.24282	15.37847	17.20771	17.67849	14.79268	16.45596	16.44733	17.16934	17.06615	18.33494	17.5974	17.42446	16.9398	17.22003	17.4204	17.31613	17.30546	17.57498	17.23438	18.03768	15.09278	17.70928	19.31802	19.36996	16.09298	16.76736	17.48463	16.63006	15.4313
alpha_rarefaction_187_7.txt	187	7	18.42948	18.51753	15.8917	16.71234	16.56936	19.16929	17.4987	16.42378	16.35287	17.52633	18.95284	16.59226	17.98677	15.98944	18.09619	18.24299	16.67399	17.53484	15.49817	16.95472	18.47139	16.01686	16.6323	17.29304	18.1705	16.66917	18.82245	18.60204	16.48637	14.50392
alpha_rarefaction_187_8.txt	187	8	18.05879	17.77798	15.1797	16.59308	17.73495	17.11269	17.80642	17.43684	16.27039	18.25628	18.09349	17.17747	16.36832	15.93491	16.55502	18.46628	16.24511	18.68692	19.66249	16.78893	18.77495	17.92754	16.51901	17.45882	17.41724	18.48551	17.63818	15.86088	14.74856	16.16444
alpha_rarefaction_187_9.txt	187	9	18.32304	17.81132	15.99081	17.13512	15.40307	17.2106	17.22413	15.96407	16.99432	17.83125	17.08366	17.26491	16.30662	16.12054	18.48818	18.26184	18.32591	18.78355	17.07536	17.03866	16.9811	16.79834	17.5188	19.77221	17.09402	19.27122	17.14466	16.58098	17.108	15.72073
alpha_rarefaction_246_0.txt	246	0	19.85092	20.90073	18.07916	19.41867	19.7667	19.81109	19.49806	19.03984	18.49662	20.16706	21.51199	20.45347	21.02366	16.85901	20.35787	19.16357	19.57512	20.42361	19.87113	19.98219	20.51857	19.2962	19.96688	23.58879	21.189	19.55322	20.12598	20.6335	18.84631	18.36979
alpha_rarefaction_246_1.txt	246	1	21.84388	19.03962	20.66009	19.41694	19.23278	19.72126	19.26353	19.13657	18.18223	20.14649	21.91385	19.65083	19.74647	18.22195	20.80906	19.76576	18.93186	21.13918	18.89277	18.94616	19.02081	18.64432	19.44887	21.05384	21.60309	22.78161	20.98412	21.38434	18.51237	17.62447
alpha_rarefaction_246_2.txt	246	2	20.11633	19.43283	19.45175	17.72483	20.06672	21.04492	19.98326	20.69023	19.64974	21.32025	20.02392	19.39868	20.33287	20.76724	18.86497	21.14351	18.13161	21.0372	20.69835	21.04541	21.10153	19.63599	20.83467	20.19448	20.70548	20.31764	19.24244	19.73135	21.42903	18.20707
alpha_rarefaction_246_3.txt	246	3	20.62036	20.14707	19.8613	19.21328	19.57256	19.66434	18.51096	19.42419	20.57736	19.76533	20.79076	21.12165	21.19356	19.76895	19.45071	21.13051	19.23195	19.70423	20.20296	18.73206	22.00142	18.05847	19.55103	21.34832	22.33337	18.87481	19.47529	19.88536	18.49547	18.78819
alpha_rarefaction_246_4.txt	246	4	19.87635	20.27368	19.52232	18.79634	18.54848	19.15299	19.88091	20.63053	18.32313	18.55623	20.87041	19.00411	19.94744	17.93171	20.1354	20.30956	18.11611	21.23736	20.87181	20.4673	20.02262	18.73351	21.78678	19.38372	20.94376	21.16411	19.86184	19.48791	17.96558	18.19337
alpha_rarefaction_246_5.txt	246	5	19.90004	20.2369	18.63634	19.11674	18.41915	19.43467	20.22595	18.96952	20.83823	20.4328	20.21707	18.95292	21.15099	19.41676	18.72597	20.42884	18.7075	19.19734	21.1231	19.10673	19.82533	19.62706	20.61991	21.61195	20.57518	20.39317	20.52876	20.36595	18.12439	18.01509
alpha_rarefaction_246_6.txt	246	6	20.31439	20.69608	19.16722	20.27613	19.94907	20.01165	20.2155	21.18	18.64383	20.13914	21.60446	19.53691	21.54176	17.70501	19.18237	19.39018	20.54397	19.99514	19.95085	19.61203	19.00336	17.96772	18.81807	21.0678	19.59117	20.33855	18.85395	20.19327	17.54694	15.96529
alpha_rarefaction_246_7.txt	246	7	20.4818	18.90104	18.68207	20.09888	18.21417	18.93459	19.75771	18.9889	20.21153	20.78523	20.7419	20.33015	20.55336	18.61223	20.39923	21.59241	20.42549	20.22554	19.73858	20.17494	21.07097	19.09128	19.46188	21.50167	20.5566	20.59826	20.2628	19.54778	19.26478	18.48866
alpha_rarefaction_246_8.txt	246	8	20.80397	21.03841	19.12758	18.63149	19.26084	19.4473	18.80673	18.74555	18.75056	19.75493	19.32697	21.03743	19.14773	18.81824	19.22407	21.79411	19.72101	19.97637	20.83082	20.24786	20.24739	19.94861	20.04862	21.23584	20.4814	22.6334	19.84535	18.94398	17.74633	18.13853
alpha_rarefaction_246_9.txt	246	9	20.96007	19.28449	19.29661	18.25549	19.17725	19.73293	19.49962	18.72174	19.7639	18.92476	21.18781	18.61978	18.6325	18.8394	19.7774	21.19282	19.74913	21.01789	20.8029	18.95509	21.86372	17.74782	20.26902	21.38552	20.46918	20.28928	17.89529	20.16769	19.59672	17.38058
alpha_rarefaction_305_0.txt	305	0	23.20135	19.53463	22.69556	22.4868	20.87873	21.52964	21.5695	24.33714	21.29581	22.70546	24.95457	22.20206	24.36204	18.63926	20.89654	23.01823	21.92954	23.68675	23.70592	20.85831	21.19134	20.79253	21.51615	23.36374	22.28609	21.94143	22.21574	21.54963	21.82598	20.61258
alpha_rarefaction_305_1.txt	305	1	21.92916	22.76241	20.87138	21.34436	21.26724	21.80687	21.67231	20.44119	20.82976	21.89679	21.70954	21.69044	23.06495	20.5869	22.03613	24.10647	21.02422	22.34274	23.51628	21.81465	23.28233	19.45921	22.90205	24.81199	22.24436	22.17077	22.58846	23.74956	21.04013	18.57099
alpha_rarefaction_305_2.txt	305	2	23.70348	23.3984	21.55081	21.79529	18.89663	20.98417	21.2338	21.37802	22.31515	21.81171	23.62274	21.91515	22.17682	19.70343	22.71203	23.01862	22.5619	21.79361	21.41162	22.45713	23.30492	21.64238	21.35249	21.74321	22.78408	21.52646	21.46075	22.14692	20.28399	18.40302
alpha_rarefaction_305_3.txt	305	3	22.00578	24.96617	22.95364	20.43459	20.63225	20.94289	21.16905	21.74654	21.31088	21.15017	21.41031	20.69743	22.72883	21.12032	21.85457	21.71464	20.39658	22.58977	20.59236	24.50557	23.34552	20.45783	21.845	22.66154	22.51398	22.41797	22.97075	22.61674	20.85976	21.22003
alpha_rarefaction_305_4.txt	305	4	23.23479	21.42237	22.67284	20.52716	22.23321	23.29826	20.34667	20.61125	21.67848	23.01372	23.29241	20.69394	21.65427	21.2379	22.1425	22.92563	21.25038	22.86613	20.97273	23.64442	22.96398	20.57436	23.57303	23.60804	21.10916	22.29015	23.09915	22.70095	20.11522	19.88231
alpha_rarefaction_305_5.txt	305	5	22.34376	23.09142	20.82285	22.97992	21.0896	22.74836	22.92032	21.16084	20.36271	22.78349	21.56119	21.34261	24.05573	19.50073	23.05397	21.3724	22.39277	23.88581	22.31556	23.87211	22.55961	20.66475	22.23545	24.49567	22.7876	22.11888	21.51283	22.86973	20.48691	20.48294
alpha_rarefaction_305_6.txt	305	6	23.12833	21.59064	19.48775	20.40809	21.05102	22.63613	21.67989	21.58143	20.32036	22.30839	23.45937	23.06341	21.69767	20.50956	22.11826	23.23182	20.54407	23.3632	21.89533	22.51541	23.49789	21.60084	23.861	22.96533	21.95375	22.47139	22.44903	23.50367	22.6667	20.54429
alpha_rarefaction_305_7.txt	305	7	22.68933	24.36907	22.63378	23.98653	22.47791	21.26217	21.67245	21.46461	21.12116	22.49698	22.65297	21.91255	22.80355	20.10689	23.45093	23.19174	22.51273	23.11919	22.66176	23.3431	23.02865	18.86393	21.18558	23.26565	23.25703	22.16825	21.74014	22.39295	20.49395	19.40443
alpha_rarefaction_305_8.txt	305	8	23.73371	21.68374	22.55575	21.9878	23.02819	21.7736	21.41501	22.1594	20.60432	22.30188	23.89425	22.63006	21.71268	19.22316	22.70928	23.76189	21.71872	23.46554	24.52549	22.97001	21.24462	21.59202	22.25578	23.84838	24.37499	22.44602	21.63351	22.88063	22.44608	20.5562
alpha_rarefaction_305_9.txt	305	9	22.71525	23.42876	21.0351	22.93247	21.41943	22.67969	21.61451	20.70853	20.45867	22.74966	21.35312	23.37666	22.8875	19.88308	21.71699	23.82579	21.22746	22.7997	23.93572	23.92628	23.15195	22.53893	22.07514	24.18814	23.25468	24.52678	21.60906	22.174	21.57943	20.38687
alpha_rarefaction_364_0.txt	364	0	24.3878	25.40782	22.47169	22.46934	23.76289	25.54942	23.81677	22.89219	24.408	24.19204	24.63262	24.48816	23.68776	21.0522	23.42898	25.15294	22.8795	25.75833	24.60937	25.81336	26.98658	22.69433	23.46321	24.88678	24.39772	25.63537	23.75527	25.08122	22.26921	22.41029
alpha_rarefaction_364_1.txt	364	1	26.59243	25.20108	22.37355	25.0567	22.20125	22.52666	23.90452	23.50606	23.10564	24.8443	24.91112	24.97495	25.91574	22.61101	24.22586	25.88992	23.57264	23.99937	24.922	24.13258	25.87916	23.91012	24.16737	26.51389	25.14722	24.76481	24.97622	25.23167	23.53899	20.65493
alpha_rarefaction_364_2.txt	364	2	26.22396	23.8577	22.80585	23.81426	23.10795	24.08886	23.22362	23.6654	23.72798	24.6054	24.56518	23.9714	25.41814	23.47426	25.13613	23.77497	21.69524	25.48588	24.56468	22.99129	25.14894	22.38806	23.80046	25.95382	24.80577	24.41285	25.06759	22.52809	23.2328	21.87396
alpha_rarefaction_364_3.txt	364	3	24.50408	23.30144	22.98735	22.48492	23.82399	24.08843	22.58723	22.71573	22.63909	23.74449	25.68736	23.44099	23.86125	22.74966	25.68676	24.5874	23.94949	25.67358	26.70029	24.54551	24.5586	24.29346	24.1967	25.82031	24.99958	22.26539	24.22726	25.65921	20.60867	20.69014
alpha_rarefaction_364_4.txt	364	4	25.76998	23.68549	22.50724	23.10431	22.3541	24.07153	24.45689	23.30135	23.19638	23.05417	24.54442	23.9344	25.22067	21.29293	22.80155	26.71177	22.84468	25.28075	23.00136	23.58069	26.85705	22.53981	24.55089	26.15084	24.48963	24.77098	23.07623	23.99172	22.62556	23.05881
alpha_rarefaction_364_5.txt	364	5	26.1215	23.48639	23.20736	22.39019	23.19755	21.90577	23.67193	23.74503	23.38939	24.14896	24.78521	24.25198	25.51825	22.23836	23.55625	26.32521	23.375	25.37684	24.92318	25.09003	26.11945	22.60048	24.36388	26.79835	25.43809	25.83054	23.29341	24.58355	24.48816	20.85
alpha_rarefaction_364_6.txt	364	6	25.92191	23.65339	23.62802	24.39745	21.46521	22.00821	22.56384	22.81853	22.4595	23.13223	25.26797	25.04706	24.30003	21.35855	24.09026	24.65249	23.72844	25.08743	25.94738	24.16253	25.65272	22.63853	23.16019	24.75018	24.85799	23.96356	24.86645	24.4923	22.74511	20.88474
alpha_rarefaction_364_7.txt	364	7	27.30331	23.06536	24.39219	25.60067	23.1867	24.11559	23.08204	23.47053	24.78982	22.79958	25.64008	24.24998	26.04678	22.14254	24.39615	26.01322	24.41059	24.58557	25.11241	24.22744	24.88411	23.51337	23.38263	27.02209	26.34828	25.48461	25.06312	24.54126	22.02246	21.8224
alpha_rarefaction_364_8.txt	364	8	24.10434	25.52578	23.42198	22.68026	23.34842	24.18393	23.32542	22.77931	23.31064	25.18232	24.83797	25.21888	25.70351	22.56643	24.03838	25.1203	22.93696	24.94726	24.89547	24.6108	25.18879	22.5983	22.53291	26.7909	26.05416	23.49726	25.6455	25.12653	23.29368	21.36224
alpha_rarefaction_364_9.txt	364	9	23.38167	24.09584	23.31701	23.82912	24.48549	23.10993	22.80821	23.29937	21.74584	21.42066	25.02825	26.86032	24.83174	23.34576	24.35063	25.32192	23.71456	24.17179	24.75339	24.55426	24.71061	23.89528	23.39282	25.50506	24.78162	23.75293	24.0001	25.17328	22.8865	22.91796
alpha_rarefaction_423_0.txt	423	0	28.92105	26.93923	27.21789	26.5283	25.75998	25.80744	25.17992	26.25606	25.6121	25.30515	29.29029	26.1559	26.72368	25.94734	25.31506	27.42764	25.4852	25.38572	27.05558	25.38447	27.81033	25.11873	25.10871	28.83204	26.73729	26.36719	24.64297	26.32442	23.85502	24.20296
alpha_rarefaction_423_1.txt	423	1	29.17372	25.40563	25.9256	24.86649	24.48298	26.68201	24.64783	24.84565	24.85788	27.74432	26.54544	29.0433	26.47994	25.55232	29.03051	27.86903	25.31755	25.82093	26.6852	28.13502	27.25303	23.81838	25.0805	27.09019	26.10978	27.89752	25.97772	26.71525	24.35545	22.81479
alpha_rarefaction_423_2.txt	423	2	27.286	26.42764	24.14488	25.71895	24.80125	25.37285	24.9625	25.79052	24.14061	23.72475	27.65796	26.80729	26.13687	24.86212	26.42121	26.89401	25.31367	27.5464	26.62097	25.94572	27.49573	26.08543	25.36499	27.88223	27.36676	25.42838	24.74464	26.67882	25.25067	22.68512
alpha_rarefaction_423_3.txt	423	3	28.0251	25.57738	25.72395	22.80503	25.96679	25.57311	25.13134	24.4211	25.50638	24.86797	26.66307	25.85848	28.22199	24.97672	25.09612	27.21944	25.42896	26.25544	27.57932	26.60991	27.15096	24.90082	26.75884	27.71929	27.23301	25.84843	25.85065	25.67781	25.09223	21.64668
alpha_rarefaction_423_4.txt	423	4	27.84365	26.01183	25.92453	24.74764	27.29983	25.43681	24.31796	23.33749	24.8614	27.00465	24.93178	26.69556	27.8253	22.66631	25.18035	26.89982	24.28335	25.99176	26.84307	24.83056	27.26515	25.96714	26.25944	28.63456	27.44578	27.25188	24.75964	26.93215	24.07985	22.39366
alpha_rarefaction_423_5.txt	423	5	28.07127	25.92374	26.38296	26.31683	25.94471	26.54388	25.10403	24.90025	25.0924	26.81405	26.47861	27.63092	25.85168	23.46463	26.06361	26.56338	25.83866	28.15635	27.54323	26.42592	28.43448	23.46755	25.24156	27.69923	28.80065	26.51775	27.4324	23.46965	24.98797	24.81635
alpha_rarefaction_423_6.txt	423	6	27.78697	25.94528	24.40224	25.32813	24.52929	24.89311	25.61608	25.17971	25.69718	26.1103	27.12403	25.78013	24.72658	25.49493	26.51341	25.41219	25.70382	26.121	25.96463	27.57689	27.45427	24.812	25.70119	27.3352	25.93905	25.64773	25.33373	26.39906	24.79697	24.20415
alpha_rarefaction_423_7.txt	423	7	26.03956	26.22699	25.63662	26.19433	27.15737	25.241	24.512	23.74655	26.10405	25.21327	26.35014	25.13156	27.71579	23.18834	25.51238	28.00385	25.66168	27.36816	26.16545	26.45072	27.34989	28.28441	24.93842	28.20575	28.11389	27.54762	26.15973	26.99426	24.55996	22.56764
alpha_rarefaction_423_8.txt	423	8	27.56043	27.50569	23.71113	23.83708	24.08243	25.77072	24.4491	26.49736	24.53404	25.62552	28.87252	26.79963	26.72802	24.94895	27.27787	26.76691	25.16607	26.30612	26.4627	25.80314	27.31282	25.6548	26.7628	27.31361	26.18262	25.61593	27.31263	26.19397	23.48665	21.77847
alpha_rarefaction_423_9.txt	423	9	27.24844	26.30893	24.54664	23.68646	27.05505	26.39032	24.11228	22.84161	23.2602	26.69151	28.11042	25.58405	26.07078	24.20913	25.45187	27.23929	26.63492	26.00035	25.46135	26.87411	28.04479	26.67659	26.39218	28.73335	28.19741	26.83296	27.43092	26.63575	24.08277	23.14294
alpha_rarefaction_482_0.txt	482	0	28.42426	26.19516	28.4533	28.12702	26.315	27.18497	26.16742	26.52683	28.6841	28.50186	28.65693	28.80385	29.3822	25.45399	26.23769	28.91088	28.23081	28.08308	29.58739	26.7455	28.84229	27.33088	29.51524	29.65776	29.77363	26.74002	28.39498	28.39608	25.27085	21.63114
alpha_rarefaction_482_1.txt	482	1	28.57003	26.82174	27.49423	28.79861	26.86467	28.18857	25.45539	26.48131	25.78469	29.28003	28.03989	28.3251	29.51022	25.902	26.71433	27.59315	28.16823	26.624	27.87617	27.95396	29.9275	25.66508	27.17748	31.10645	28.22323	28.18705	26.85848	28.91757	26.65664	25.76027
alpha_rarefaction_482_2.txt	482	2	28.74051	28.27	26.62525	26.24711	27.16218	27.14883	26.04277	27.92003	25.99211	26.20008	28.86192	27.64498	28.22563	26.63121	27.338	29.98251	28.27479	26.24159	27.9028	28.68426	30.11167	25.95175	27.37268	29.2207	28.02324	26.87532	27.12046	28.24752	24.34247	25.09855
alpha_rarefaction_482_3.txt	482	3	29.8103	27.68175	27.38816	27.34673	29.20952	27.44672	26.35969	27.44116	26.70757	27.57346	28.01009	28.79599	31.00604	26.6662	28.19478	27.51452	27.92005	29.06218	27.59631	27.69504	28.59197	26.60704	27.45013	29.3411	30.92301	28.67319	28.05757	28.73892	24.88206	25.92029
alpha_rarefaction_482_4.txt	482	4	29.96602	28.61928	26.97355	25.02363	27.638	27.0469	26.38988	26.33623	24.90468	28.50613	29.0799	28.11249	28.63792	26.66495	27.13648	29.05592	25.42533	26.30214	30.42395	27.76331	27.78217	26.75071	27.24136	29.14798	29.24599	27.35382	27.47076	27.31362	25.06618	25.42142
alpha_rarefaction_482_5.txt	482	5	27.76792	27.79338	27.08937	25.46484	27.23419	27.34881	26.75437	27.58329	27.00107	27.4549	29.15623	27.87606	27.75203	24.44899	27.92607	27.97135	28.01038	28.92841	28.16159	26.92694	30.56683	27.23544	28.05167	29.9475	28.21175	27.15783	28.22633	29.58342	27.27683	25.47757
alpha_rarefaction_482_6.txt	482	6	29.78095	27.57653	28.61502	24.94611	26.71642	27.01966	26.75956	25.54056	27.08604	28.55244	29.05125	27.18111	29.60192	24.37938	27.48318	28.05323	24.76551	26.63358	29.84292	28.13818	29.14394	28.3247	28.32982	29.22145	30.43108	28.68979	27.85544	29.55173	26.90946	24.87615
alpha_rarefaction_482_7.txt	482	7	30.45794	26.47598	28.04865	23.74441	28.04863	26.73507	26.06296	24.47879	27.33766	28.26175	28.83718	27.16631	28.64041	26.03471	26.1794	28.34862	26.22706	29.34612	30.04618	28.31922	27.85946	27.50951	26.68176	29.12319	30.05147	27.21127	27.91568	29.47552	25.33806	24.03506
alpha_rarefaction_482_8.txt	482	8	29.43222	28.65261	28.22262	26.59607	25.31255	28.70597	26.61151	25.60472	26.37654	28.76056	28.98135	27.00059	28.86729	24.79695	26.85283	31.01805	28.11841	28.25754	28.84604	28.05605	29.1456	27.24917	26.80914	31.11105	28.74655	27.55609	28.09927	25.90816	28.94052	24.76464
alpha_rarefaction_482_9.txt	482	9	26.77415	27.86019	26.76337	26.30843	26.30692	25.84583	26.99498	26.27455	27.51811	26.03758	29.3382	27.14813	29.09017	24.14414	25.92721	29.6207	27.44837	28.36791	28.53897	26.6715	28.2426	24.68442	28.76754	30.75766	28.9726	30.0176	27.20869	28.97015	25.52116	25.91072
alpha_rarefaction_541_0.txt	541	0	30.09976	30.28597	27.14374	29.76273	28.25086	29.08089	27.32049	27.63272	26.85687	27.74153	29.14756	28.46243	30.77621	27.99426	30.11359	31.27999	27.36679	28.02236	30.9121	29.24194	30.03594	27.10625	29.49251	32.56923	31.63881	30.41566	28.32202	29.13292	26.87068	24.48314
alpha_rarefaction_541_1.txt	541	1	31.26986	28.53701	28.32293	27.86328	28.4429	29.5678	27.01309	26.69046	26.19343	28.7435	30.14331	30.05299	29.04261	27.7109	28.99141	30.16661	29.09425	28.01966	30.52776	28.41975	31.12114	28.57609	29.40476	32.02672	30.79448	29.87475	29.35644	29.74764	28.10455	23.50679
alpha_rarefaction_541_2.txt	541	2	30.63064	29.8937	28.76838	28.60189	28.67803	28.49653	27.19361	28.3827	26.76968	29.41742	31.31535	28.16555	29.7225	28.31882	29.04937	29.34515	30.29628	29.6675	31.92984	28.94382	29.48561	27.95472	29.52664	28.74789	29.63801	32.37311	28.5999	30.15008	27.53065	27.87264
alpha_rarefaction_541_3.txt	541	3	28.21468	29.58789	26.80877	27.44551	29.53775	28.21289	27.66581	27.19633	27.8646	27.90761	30.82138	29.05011	31.01616	27.84846	30.39332	29.83323	27.74647	29.45035	32.04387	29.70952	30.05969	29.01815	28.84859	30.56276	31.74598	30.17195	29.27104	30.71478	27.47523	25.81881
alpha_rarefaction_541_4.txt	541	4	31.50483	29.41838	28.43458	28.37069	30.19655	29.08601	27.4302	27.67363	28.38752	27.7287	31.89927	31.09134	28.93553	27.65498	29.01662	29.79649	26.71237	28.80465	30.78881	30.55453	29.62651	27.48791	28.57045	31.43735	31.51222	28.22905	32.11372	29.77271	25.80992	25.51724
alpha_rarefaction_541_5.txt	541	5	30.02847	30.31466	28.33328	28.4935	30.48341	27.82666	27.88113	27.56621	27.69701	30.01737	30.63572	27.73352	27.28769	27.49823	27.53089	29.60478	26.09985	31.5047	31.09955	29.6181	32.00481	29.363	28.78776	31.58898	31.29717	29.60692	30.63712	28.99649	27.99619	26.48875
alpha_rarefaction_541_6.txt	541	6	29.03324	29.66388	27.85482	26.28495	29.64624	29.83386	28.14045	28.24347	26.57631	30.30002	31.15443	28.91153	31.10096	27.99935	29.47429	28.99466	30.24411	30.20451	28.08027	29.71094	29.05166	26.64799	29.43886	32.50514	30.3308	29.37938	28.06936	28.73454	27.24482	26.96032
alpha_rarefaction_541_7.txt	541	7	29.99197	30.06958	28.79127	28.35648	27.14686	29.68687	28.00403	26.63766	25.41052	29.40793	31.5149	28.34012	32.77936	27.45036	28.58663	29.10386	27.76937	27.89993	30.01075	29.03974	29.73952	28.57925	28.55877	32.24301	31.58044	30.90345	27.18045	27.95554	26.90569	26.76706
alpha_rarefaction_541_8.txt	541	8	32.86894	28.67002	26.50002	27.03218	27.78977	28.11635	27.95692	28.40443	29.00575	29.15458	29.58106	29.79664	31.05512	25.78736	28.16891	30.35699	28.8248	28.15922	30.64262	30.30909	33.19067	27.7138	28.59172	30.04781	31.31002	30.14085	29.86218	28.85073	26.82054	25.4777
alpha_rarefaction_541_9.txt	541	9	29.59777	28.41344	27.5378	28.58631	27.64512	29.51222	28.18552	28.9929	28.54975	27.54047	31.85597	30.51316	29.54279	25.50379	30.73376	28.80875	27.36137	31.67414	29.66237	29.03794	32.91121	26.94163	28.29855	31.23634	32.2024	30.09469	28.91676	27.83005	27.25974	25.90873
alpha_rarefaction_600_0.txt	600	0	33.38003	31.52153	29.96871	30.69985	28.91021	29.90587	28.61095	30.04574	29.26459	29.03564	30.61398	30.36823	33.12784	26.48063	30.49418	31.63649	31.52317	30.77662	31.75737	30.43456	31.87935	29.84474	31.35433	33.92838	33.27109	31.683	29.1358	30.88334	28.68279	24.68894
alpha_rarefaction_600_1.txt	600	1	31.53531	30.18565	31.27227	30.36737	30.98138	29.67471	28.82201	29.04418	30.44809	30.36372	32.16918	30.51513	31.85816	27.48496	31.12977	32.31254	30.5696	29.91955	33.45881	30.06905	33.81587	28.15347	28.29896	31.44786	32.80823	32.31794	27.60798	31.45582	26.42698	26.93097
alpha_rarefaction_600_2.txt	600	2	31.9111	31.76546	30.26825	29.51081	28.80527	31.44964	28.74209	29.41487	28.16314	28.75634	31.51345	30.41013	33.58793	28.5063	28.823	31.54924	29.77897	30.69791	31.55673	30.56393	33.60103	29.32794	31.87775	32.79021	32.07322	31.85082	29.0929	31.00033	29.55001	28.22136
alpha_rarefaction_600_3.txt	600	3	31.24381	30.30594	28.61647	29.28909	31.09403	31.02924	28.77558	29.16189	29.08047	30.49686	33.72314	30.75182	31.70088	29.39021	27.42562	30.71277	28.48084	28.90565	31.03118	31.45798	31.45573	28.46512	31.06004	33.71526	32.36269	31.69096	30.72278	30.02289	29.53864	24.92841
alpha_rarefaction_600_4.txt	600	4	32.54773	29.86725	31.09454	30.42998	29.36125	29.67276	28.58558	29.0219	28.28697	29.85736	32.87009	32.30751	33.75333	29.61013	30.72877	30.5436	30.54336	31.08741	31.87579	30.16761	33.53137	29.74825	31.86074	33.35755	32.14147	32.1312	29.08414	31.28604	27.07968	27.67758
alpha_rarefaction_600_5.txt	600	5	31.65136	30.65378	29.65857	29.13328	29.69112	29.73462	28.82201	29.18993	30.08398	31.85021	31.27232	30.2088	34.17311	28.59543	31.25551	30.59641	32.47324	32.13151	32.40573	31.90209	31.9291	29.78201	32.58744	31.69489	33.48859	30.77236	29.00669	31.34768	28.42822	28.48907
alpha_rarefaction_600_6.txt	600	6	33.02484	29.62801	31.42431	29.96546	31.03032	29.30233	28.7842	29.26706	29.25195	28.46693	33.60528	30.96759	32.93083	27.51818	30.96252	33.50726	29.63101	32.03819	32.58965	31.00059	33.25477	27.39791	28.50607	34.55874	33.21498	31.01534	31.92944	30.72081	27.16046	23.50204
alpha_rarefaction_600_7.txt	600	7	32.36791	32.18508	29.54317	29.99833	30.42559	30.01046	28.75581	28.78935	29.63952	30.57548	32.75118	30.0484	32.06462	28.86593	31.37687	29.83499	29.7436	32.75882	31.70754	32.42919	31.49374	29.6035	32.61124	33.89201	31.72523	30.95639	29.46931	31.8091	27.79169	27.41693
alpha_rarefaction_600_8.txt	600	8	32.46909	32.70839	29.61908	31.11854	29.56368	32.71603	28.36224	28.81312	29.0037	29.26259	32.15411	31.35835	32.60558	28.14064	27.9021	31.4646	27.24196	29.66615	28.79356	31.64253	30.59339	28.97755	29.74173	31.96472	31.04067	30.12497	29.37247	31.98211	30.10527	24.70917
alpha_rarefaction_600_9.txt	600	9	30.59502	31.72738	31.06528	29.10437	29.99727	28.1363	28.7101	31.5729	31.68105	30.91831	31.20417	30.31419	31.58239	27.12631	29.50284	31.3356	28.93235	30.77847	31.98991	30.60876	31.49932	29.11403	30.50394	32.34027	31.77754	31.33963	32.48687	30.98627	29.68455	26.46085